MK100.01.D
 100  25
  51   8   7  10  10   6   7   5  10   6   6  10   5   9   8   9  10   6  10   8
   6   9   5   8   6   7
  79  16  12  12  12  11  14   9  16  10  12  14  14   8  11   8  10  15  13  10
  14  10  13  13  11   9
  73  12   7  14   8   9   9  12  15  11   8  14   7  12  10   9  13  11   7  14
  13   8  11   8   9   8
  70  13   7  10  10  10  12  12  11  13   9  10  14  13  14  14   7  10   7  12
   9  10   9  11  10   8
  53  10   9   6   8   8  10  10   5  10   9  10  10   6   7   8   5   6  11   6
  11  10  10   8   6   6
  53   5   6   5  11   7  10   9   8   9   8   7   8   9   5   7   7   9   8   9
   9   5   6   9   7   6
  51   8  10   9   6   5   9   7   6   7  11   5   9   9   8   7   8   6   8   7
  10   8   9   6   7   8
  84   9  10  14  10  17  15  12  15  15  14  14  12   8  13   8  12  12  15  10
  14  13  15  16  13  17
  72  10  12   9  13   8  12  10  13  13  14   8  14  11  14  12   7  11   9  13
   9   7  15   8  10  13
  68   7   9   8  13  13   9  13  11   7   8   8   9  11  13  10  11  12   9   7
  13  10  13  14  14  11
  89  18  10  14  13  16   9  16  17  12  10  13  18   9  16  18  11  14  17  15
   9   9  16  17  14   9
  65  11  11   9   7   9  11   7   8   6   8   8   8   8  12   7   7  12  10   6
  11   9  10  11   9   9
  62   9  12  12  11   8  11   8  10   6   7   7   7   9  10  13   9   9   9  10
   8  12  11  12   7  12
  96  12  13  15  17  12   9  11  16  11  17  11  19  15   9  14   9   9  14  14
   9  15  20  17  16  13
  76   7  10   8  13   8  13  12  11  12  12  15  14  14  15  14  10  10  11  13
  14  10   8  14  12   9
  78  13  12  16  14   9  14  12  11  15  13  15   9   8   8  14  16   9   9   7
  12  10  12  14   8  13
  94  14  12  12  18  15  15  18  12  15  10  15  12  12  12  13  11  13  10  14
  12  14  16  11  13  10
  63   8   8   6  10   7  12  13  11  10  12  12  11  12  12  13   9  11   7   9
  10  11  12  10  11   6
  82  10  12  14  16   8  11  14  17   9  17  16  14  11  11  16   8  16  13   8
  12  16  12   8  16  13
  61   7   7   9   7   9   6   9   7   8   7   9   9   6  12   6  12  10  12   7
  12  10  10   8   7   7
  66  13   8   8  11   7  11  13  12  11   8  10  11  11   9  13  11  10   8  12
   7   8  10   7   7  12
  55   7   6   7   9   8   7   7  11   6   8   6   8   9   8   8   8  11   5  11
   9  10  10   5   8  10
  60  11   6   8  10   9   8  11  11   8  12   7   6   7   9  10   6  12   7   6
  10  12  12  12  10  11
  63  12   8   8  11   8   9   8  10  11  12  11   9  12   6   7   8  11  11   8
   8   9   6   6  12  12
  50  10  10   7   7   6   7   7  10   6   9  10   5  10   6   9  10  10   9  10
   5   6   5   6   7   9
  63   8  12  10  10  11   9   9  12   7  12   8  11   9   8  10  13   8  10   8
   6   9  11  11  10  11
  91  14  11  15  16  16  14  14  12  11  13  13  10  10  18  17  15  18  19  16
  19  13  14  12  16  14
  65  12  10   8  10  12  12   9   9  13   9   8  12  10   8   8  12  11  11   6
  13  13  13   7   8  12
  64   7  10   7  12   6  12   9  11  10   7  10  13   7   7   8  12  11   7   6
  10   8   9  13   6   7
  55  10  10   6   6   8   6  10   9  10  11  10   6   9  10   6  11  10   6   9
  10  10   8   9   7   8
  80   9  14   9  14  15  14  12  12  15   8  12  14  13  14  15   8   9  13  11
  12  15  14  10  10  13
  74  12   9  11   8   8  10  15  10   9  13  13   7  10  15  10  14  11  12   9
  14  13  13  15   9   7
  95  12  16  12  10  18  11  18  12  13  16  10  18  18  18  17  19  16  11  19
  12  18  10  15  18  10
  96  14  18  12  16  19  12  15  17  19  14  10  19  19  14  15  16  10  15  10
  15  12  11  11  19  10
  56  11   6   5  10   8   6   9   8   5   7   8   7   5   6   7   6   9  10   7
  10   6  11  10   8  10
  90  13   9  10  15  10  17  16  13   9  16  11  15  16  18  12   9  17  12  16
  14   9  12  12  11   9
  91  11  15  13  11  10  15  17  14  18  14  15  17  12  12  14  14  11  12  13
  11  12  12  15  12  15
  60   8  12   6  10  10   6   6  10   7  12   6  10   9   7   7  10   6   9   9
  11   8   9   7   8   6
  59   9   7   6  12   8   6  11  12   6   8   7   8   9   7  10  11   9   6   9
  10   6   9  11  12  11
  68   9   7  13  14  12  12  11   7  12  12  10   9  11   6   8   7   8  13  12
   8  12  13   7  12  12
  80   8  15  10  14   9  10  12  15   8  10  15   8   9  11  14   8  11   9  16
  12  13  15  16  11   8
  82  11  11  16  15  16   9  12  13  16  15  14  12  15  14  14   8  11  15  15
  14   9  16  10  13  14
 100  13  17  17  10  14  14  16  19  20  15  14  17  12  14  20  18  18  10  20
  11  16  14  16  13  10
  70   7  11   8   8   8   7  10   9  12  13   9  13  14  11  14  11  11   8  13
  14  10  13  11  10  12
  52   8   9  10   7   5   5   8   5   5  10   9   9   5   5   9  10   5   9  11
   6   7  10  10  11  11
  79  13   9  15  14  12  14   9   8  12  14  12  14  16  14  10  15  12  14  15
  10   8  13  11  11  13
  62  10   6   6   7  11  10   7   8  13  12  11  10  12   9   6   6  12   8  12
   7  12   8  13   8   9
  51  11  10   9   7  10   8   8  10   9  10  10   5   9   8   8   6   8  10  10
   6  10  10   7   5   7
  78  16  15  13   9  11  15  10  13   9   8  15  12  14  15  10  11   8   8  14
  16   9  13   8  11  10
  95  19   9  10  18  16  13  10   9  19  13  10  15  13  19  16  17  13  12   9
  18  14  12  15  18  10
  56  11   6   6   8   8   7  10  11  11  11   7   5  10   7   6  11   7  10   8
  10   7   8   7   8  10
  81   9  13  16  11   9  10  12   9  16  14  11   8  14  14  10  13  11  16  12
  11   8  12  14  14   9
  75  14  14  11   9  10   8   8   9  13   7   7  12  14  10  11   7  12  14   7
  10  14  14   8  14   9
  50   5   8   9  10   8   9   5   5   6   6   7   8   8   6   9   8  10   7   8
   6  10   9   6   7  10
  80  15  13  13  15  14  10  15  16   9  16   9   8  15  11   9  12  16  14  16
  16  11  14  16  11  10
  84  11  12   9   9  10   9  16  13  14  14  10   9  10  12  16  11   8  14  13
  12   9  12  16  15  12
  83  12  12  14   9  11   8  10  10  12  15  11   8  17  10  11  14  14  12  14
  17  12   8  11   9  11
  92  14  12  18  18  12  16  16   9  16  11  19  11  15  14   9  11   9  12  17
  18  18  18  14  16  14
  54   9   5  10   8   9  10   8   8  10  11  11   8   5   9   9   7   8   6   6
  10   6   9   8  10  10
  72  15   7  13  10  12  12  12   8   8  15  11  11  13  13  10  12   9  15  13
  11  14  12  14   8  12
  57  10   7   8   8  12   9   6   9   7   6   6  10  11   7   6  11  11   6   7
  11   6   7   7   9   7
  87  14  18  13  13  18  13  15  11  12   9  10  11  13   8  11  15  14  15  13
  16  14   9   9  12  12
  84  13  17  16  11  15  12  12  15  16  10  16  15   8  13  13  16  12  10  14
  14   9   8  16  16  17
  53  10   9   6   6   6   8   6   9  11   7   5   8  11   9  10   6   7  11   5
   6   9   5   5   8   9
  94  15  15  18  12  15   9   9  19  14  15  13  10  18  16  13   9  15  19  12
  16  15  18  10  16  12
  75  11   9  11   9  11   9   8  10  14  13   8   8  13  10  15  13  11  11  15
  12  11  12  12   9  14
  79  14  10  16  10  16  16  13  13  10  12  13   9  16   8   8  14  14  12  10
   8  15  14   9  16   8
  63   7  12   8   8   9   9  12  10  13   9  10  12  13   8   8   9  10   9   8
   9  11   8  11  12   8
  84  14  17  10  12  12  15  13  16  17  10  12   8  14  13  10  14   9  11  11
  13  10  15   9   9  17
  57   6  10   5   7  10   6  11   7   5  11   5   7   9  10   6   8   7   7   7
   8   9  11   7  12  10
  60   6   8   9  11  12   7   8  10   8   9   7   9   9   6  11  10  12   9  12
   9   9   9  10  12   7
  92  18  10  18   9  19  14  17  18  15  10  12  13  14  10  17  18  16  15  16
  16  18  10  17  17  14
  92   9  15  11  10   9  13   9  18  10  11  14  15  19  13  11  15  17  19  11
  11  15  12  19  10  10
  60   9   8  11  12  12   6  11   7   9  12  10   6   7   7   6   9  11   9   9
  10  10   9  10  12  10
  53   7   8   8  10   6   6   8  11   7   7  10   9  11   5   9   6   9  10  10
   5  10   7  10   7   8
  72  11  14   9  13   9  13  13  12  14  10   9  14  12  13  13  13  13  10   9
  11  13  14   7  14  13
  82  16   8  13  13  10  16   8   9  16  14   9   9  16  10  16  13  14  10  15
  11  16  14   9  16  15
  69   7  13   9  14   9  14  14  13   7   8   8   6   8   7   7  12  10  10  13
   8  12  11   9   7   9
  84  14  15  10  10  10  10   8  12   9  15  11  13  17  10  10  13  10  15  11
  15  13  15   9  16  16
  88  16  13  17   9  10  14   8  15   9  11   8  14  17  11   9  13  11  14  12
  14  12   9  11  11  12
  58   6   8   9  11   7   8  12  12   8  12   9   7  12  12  10   8  10  11  12
  11  11   6  10   8   9
  70  11  14  12  14  14  10  10   8  13   8  14   9   7  13   7  11  12  14  12
  12   8  14  14  14  14
  85  17   9  16  12  14  11  10  17  16  13  14  14  12  15   9  10  12   8  16
  11  10  15  14  12  14
  82  14  11  12  10  12   8   9   9   9  15  12  11  11  10  16   9   9  14  14
   9  14   9  15  17  10
  55   8  10   8   6  10   8   9  11   9   9   6   6   6  11   8   6   7   9  10
   9   7   6  11  10  11
  60  12  11   6  11  12   9   6  11   6  10  11   7  12   7  12  10  11   8   6
   9  11   8  12   9  12
  93  14  11  16  11  14  12  10  10  15  11  13  14  18   9   9  19  15  18  14
  14  17  10  13  11  10
  87  18  16  11  13  18  12   8  16   9   8  13  16  11  13  14  16  13  16  12
  12  15  15  13  11   9
  95  11  10  18  16  13  15  11  10  17  15   9  10  15  10  13  12  10   9  14
  14  12  11  13  16  12
  81  12  15  11   9  14  14   9   8  15   8  10  14  14  15  11  13   9  12   8
   8  10  12  16  15  14
  67   7  11   9  10  13  12   9  10  11  13   7  14   6   9  10   9  12   8  12
   8   9   9   9  11  11
  53   9   8   7   8   6  11   9   6   9   9   6  11   6   6   7  10   6   9   5
  10  10   9   8   6   7
  65  12  12  10  12   8   9  13   7   9  12   9  12   6   9  13   9  10  13   7
  10  10   6  12   8  13
  76   8  14  14   7  11   8  11   8  11  15  14   9  12   8  14  14   9  12  10
  12   8  12  15  12   7
  69  12  13   8  12   6  13  14  10  10   9  14  13   7  10   7  10   9  11   8
  10   8   7  10   8  11
  92  17   9  11  18  14  18  17  18  15  13  10  17  15  14  12  11  13  14  13
  14  10  19  10  18  16
  71   8   9   8   8   8   8   7  10  10  13   7  11  13  10  13  14   7  14   7
  11  10  13  10   7   8
  76  13   7  10  10  11  14  11   9  14   8   9  14  12  13  16  15   8   7  13
  10  13  15   9  14  12
  76  14  10  10  11  15  13  13  10   9  14  14  13  10  13  12  14  10  16  12
  10  13   8   9  13   9
  61   9  12   9   6   6   8  10   9  11   9   6   8   7   9  10   8  12   8   9
  11  10   9   8  11   9
    554    535    533    543    537    533    538    556    549    553
    520    538    562    531    542    546    539    550    544    552
    542    557    546    555    530
