MK100.06.D
 100  25
  57  11  10   6   7   8   8  11   7   5  10   7  11   9  11  10  10  12  12  10
  10   8   7  11  10   7
  87  13  17  18  13  15  18  17  18   9  10  16  17  15  13   8  14  17  11  14
  10  10  16  11   8   9
  61  11   6   7   6   9   9  11  11   9  10   6   6  10   6  13  12  10   8  12
  11   9   6  10   7  12
  73  14   8   9  14  12   7  15   8   9  10  11  14   8   9  12  15  12   9  14
   7  10  13  13   8  15
  93  16  19  16  12  17  17  14  14  18  15  15  10  17  11  13  19  11  18  16
  17  15  16  12  15  13
  76  12  14  14   8  15  14   9  10  10   8  11  15   9  10  11  15   9  11  13
  11  14   7  11  10   7
  96  19  18  14  19  14   9  17  11  14  12  13  18  17  15  19  14  15  18  16
  11  16  16  11  16  20
  86  12  12  10  16  13   8  17   8  11  10  14  13  12  14   8  16  15  12  13
  17  10  14   9  10  17
  99  13  16  10  20  13  12  10  12  16  16  16  10  11  20  11  14  19  11  11
  15  17  15  17  12  12
  96  10  17  16  14  14  15  13  18  12  10  10  13  11  18  19  10  15   9  11
  18  15  13  11  15  18
  75  12  15  15   8  11   7  12   9  11   8  10  14   9  12  14  10  11  13  11
  14  15  12   8  12  10
  62   7   7  10  12  12  12   7  13  12   6   9   8   7  12  10   7   7   8   9
  10   9  11  11  10  12
  69   8  14  10  11   8  13  12   9  10  14  12  10  10   9  12   8   8   8  14
  13  13  13   9  10  11
  88  18  15  12  13  10  15  13  13  11  17   9  13  10  16  15  10  12  11  11
  16  14  16   9  11  14
  55   6  10  11  10   9   7   6  10   8   9   6   5  11   7  10  10   5   6   7
   9   6  11   9  11  10
  56   7   6   9   9   9   8   6   6   6   7   9  10   7   7   8   8   8  10  11
   9   6  11   7   9   8
  51  10  10  11  10   5   7  11   9  11   5   5   8  10   6  10   9   8   8  10
   5   5   8   9   6   8
  84  14  10  17  17  13  17  13  12  14  10  14  10  10  11  10  13   9  10  11
  10  16  12  13  17  15
  85  16  11  10  17  16  13  12  10  16  10  14  14  11  15  11   8  12  10  14
  14   9  14  12  11  11
  64  11   9  11   9   7   6  10  13  12  13  13  10  11  12   8  10  10  10  12
   6  12   8   8  10  12
  92  17  10  16  16  13  14  18  14  10  15  15  15  10  10  16  16  13  12  10
   9  12  16  15  10  14
  68  11  12   7  12   9   7  10  13  11  12  12   7  12   8   6   8   6  10   8
  13  10   7  13  13  13
  85  10  13  11  16  16  17  15  12   8  13  11   8  17  14  12  14   9  16  13
  10  10   8  12   9  10
  62   6  10   7   8   9   6   8  13   7  12  13  10   6   7  12  11   9   9  12
   6   9   9  12   8  11
  84  17  10  16  16  13  15  12  10   9  10  13  14   8  13  11  12  12   9  16
   9  10   9  15   9   9
  97  14  14  13  18  13  17  11  15  15  14  12  11  18  13  15  19  11  16  15
  15  15  18  20  19  13
  69  11   8   7  10  14  10  10   6  12   9  10  10  11   8  13  14  13   8   7
  13  10   8  13   7  12
  62   6   8   7  11  12  11  12   7   7  13  11  11  12   6  12  11   9  11   6
   8   7   7  13   7   7
  75  11  14   9   7  13  12  12  11   8  14   8  10  13   9   7  11  15  10  14
  13  15  15  12  11   8
  62  13  12   7   8   9  10   9   9  13  10   8   6  10  13   8   6  11  11   8
  10   9   7   8  10   9
  91  14  15  18  17  15   9  12  18  12  17  18  10   9  17  13   9  14  17  18
   9  14  15  18  10  11
  85  10  14  13  13  13  14  10  15  13  13  16  10  11   8  17  12  17  17   9
  16  10   9  15  15  13
  59  11  10   5   8  12  10   8   7   6   6   9  10   7  12  10   7  12   8   9
   7   6  11   8   7   7
  69  12   7  14  12  12   8  12   8   8   9  11   7   7   9   9  12  11  14   9
   7   9  10   7   7  11
  64  13   9   7   6   8   9   7   8  10  11  12  13  13   9  10   9  10   9   9
   6   9   7   7   6  13
  86   9   8  11  12  11  12   9  14  14  10  15  13  17  16  13  10  10  10  13
  14   9  16  17  11  11
  76  10   9   8  10  14  13  16  10  12   7  10  15   9  10  13   7   9   8  14
  14  10  10  14  13  11
  78  14   8   8  10  16  14  14   9  10  11  15   8  10  14   8  10  12  15  10
  14  15  15   8  11  10
  61  12  11   7  11  10   6  12   7   6  10  11  11   8   8  13   7  11  12   8
  11   6   9  10  10   7
  76  12  11  10  14   8  13  12  16  12  11  13  10  13  10  10  11  16   9  10
  12   8  11  11  13  15
  51  10   9   5   5   7   9  10   9   8   7   8   6   5   8  10  10   6  10   6
   9   7   5   6  10  10
  97  14  10  11  13  18  12  12  14  16  16  14  19  10  10  18  19  15  15  19
  17   9  19  18  10  20
  87  18  15  14  18  11  11   9  13  15  17  12  13  12  14   9   9  11   9  11
  15  17  18  12  11  13
  51  10   6   7   9   7  10   5   8  11  11  10   6  10   9   9   9  10   8   5
   8   5   6   5  10   9
  99  16  10  17  16  12  15  15  18  15  17  17  10  13  12  18  12  20  20  14
  17  20  12  14  14  13
  91  10  12  12  11  15   9  13  16  13  12  13   9  13  14  15  10  12   9  18
  18  11  15  17  11  14
  78  15   9  11  16   9  16  12  12  12  12  12  11  13  12   9   9  12  10  14
  16  10  11   8  10   8
  67   9  11   7  13  13  12   9   8  10  10   8   9  10   9  14   7   8   7   7
  12   9   9   8  10   8
  80   8  15   9  15   8  11  16  13   8  12   9  16  13  14  12  13  10  15  10
  12   9  11  14  11  16
  86  13  11  16  15   9  10  12   9  13  10  16  16   8  10  14  13  16   9  13
  18  13  16  16  14  12
  98  18  12  19  16  12  17  15  16  12  12  19  16  18  17  19  18  18  13  10
  16  10  15  17  11   9
  67   7  14   9  10   6   7  12  11  12  11   9   7  10  13  13  10   7   9   6
   8   8   6   7  13   8
  99  15  11  16  19  20  10  17  11  14  13  17  10  14  16  13  10  14  17  12
  17  18  12  14  14  12
  86  13  15  15  14   8  16  11  17  15  14  12  10  15  13   9  15  10  15  10
   9  12  14  11  17  18
  57   6  11   7   9   8   7   8   5   8   6   8  12   9   7   6   6   9   6  10
   8   7  12   7   8  11
  66   9   8  13   7   9   8  11  10   8  10  12  12  10   8   9   8  13   7  10
  10  11  11  14   9  12
  94  19  15  18  13  16  15  15  15  14  19  17  17  14  19  17  10   9  16  17
  16  10  12  14  19  18
  88  11  13  17  10   9   8   8  11   9  11  17  18  10  15  10  14  17  10  15
  13  11  17  14  14  10
  77   9  11  15  11  13  12  10   8  13   8   7  15   7  12  12   8  13   7  13
   9  13  13   8  11  15
  99  17  19  16  12  13  13  14  15  10  17  13  10  13  10  12  16  11  11  16
  18  11  15  14  20  15
  72   8  13  12  12   7  13  10   9  10  14  10  10  11   7   7  14  14   8  14
  15   7   9  14  14   7
  67  12   9  12  10  12  11  10   7   9  13   8  13  11   9  13   8   8  13  11
   8  12  11  11  14   7
  64  10   7  11  11  12   8   7  13   9   7  13  11   9  12   9   6   9  10  11
   6   9   8  10   9  10
  66   8   9  10  10  12  11   8   7  13  11   6   8  11  11  10   9  13  10  12
  11  14   8   7  14   7
  90  15  12  10  13  14  15  10  17  18  10  10  12  12  14  10   9  12  16  16
  18  13  15  14  16  18
  79  10   8  13  13  15  14  14   8  11   9  16  12  11   8  13  12  10   8  11
   8  15   9  12  12  14
  78  15  12   7  12  12   9  16  13  16   9  16   7   9  11   8  13  15  15  11
   9  13   9   8  14  10
  95  15  19  14  11  10  13  14  19  13  16  10  15  12   9  19  13  13  17  14
  12  15  12  16  18  19
  78  16  16  10  12   7  11   8  16  15   9  12  13  13  11  11  13  12  13  12
  11  14   9  15  12  14
  82  15  14  10  11  12  13  15   8   8  15  10  10  15  13  13  13  12  10  13
  14  15  11  12   9  13
  51   7   9   8  10   5   8  11  10   6   6   5   8   8  10   5   5   7   9   9
   7   5   9   8  10   5
  95  11  15  14  18  18  16  13  11  16  19  14  16  12  14  16  14  14  15  12
  18  11  19  18  19   9
  96  19   9  10  12  18  19  16  10  14  18  14  13  17   9  15  18  16  17   9
  14  14  20  16  16  14
  89  17   9  18  15  14  12  11  18  14  14  18  16  14  14  11  16  10  10  13
  14  10  16  17  15  12
  56   5  11  10   9  10  11   6   6  11  11   7   8   8   8  11   7  12   6  11
   9  10   9  11   8   7
  99  13  10  11  16  14  10  17  20  12  14  15  15  11  18  20  10  16  16  18
  12  14  18  11  15  10
  57   7   6   7   6   9   7  11   8  11   7  11  10   9   6   9  10   8   8   6
   7  11   5   6   7   6
  65   7   9  10  12   9  11  12   7   7   9  12  12  10  12  13   8  13   8   9
   7   9  13  11  10   8
 100  12  13  18  12  14  17  13  18  20  12  18  17  18  16  15  18  14  13  10
  13  20  10  18  19  16
  88  14  13  15  16  17  16  10  14   9  10  14   9  13  13  13  14  10  13  11
  10  12  11  13  16  15
  95  12  11  13  17  10  15  16  19  17  15  19  10  16  17  14  17  16  19  16
  17  12   9  13   9  16
  71  13  13   8  10  12  15  13  10  12  12  14  13  12  11  10  11  10   9   7
  15  10   7  13  14   9
  76  11   9  11   9  10  12   8  13  14   9  14   9   8   7  15  11   7  11  10
  12  14  14  14  15   9
  92  15  13  14  17  14  16  10   9  14  19  16   9  11  14  17  10  12   9  17
   9  10  11  11  12  17
  68   8  10  14  10   9   9  12  12   7   6   7  10  10  12  10  10  12   8   8
   7   8   7  12  14  10
  73  14  12  10  12  14  10  10  13  12  14  13  12  15  13  10   9  15  15   9
  11  11  11   8  13   9
  54   6   9   8   7  10   5  10   6   7   6  10   8  11   6   6   9   7   5  11
   6   6   7  11  11  11
  63   7   9  13  10  12   7   8   9  11  13  12  11   9  12  13  11   9   6  11
   9   8  12   8   6   6
  70   7   7  11  14  10  10  13  13  12  12  12   8  11  11  14   8  10   9   7
  14  13  13  11   7  13
  85  12  15  16  12  11  12   9  16  17  15  17  12  14  16  11  16  16  11  11
  17  17  14  16  10  12
  52  10   6  10   6   9   6   8   9   5   5   9  11   6   6   6  10   6  11  10
  10   8   5   5   7  10
  64  10   6   9   8  12  12  12   9  10  13   9   8  11   8  10   7   9   6   7
   6  10   7   9   8  11
  78  14  11  11  13  16  16  10  13  10   9   9  13  14   8  16  12  13   9   8
  15  14  14  13   9  13
  56   6  11   7   8   5  10  11   7   6   6   8  10  11   6   5  10   6   7  10
   9   6   9  12  11  11
  57   5   9   6  11   9  10   7   7  11  11   7  11  12   6   6  11  11  10   9
  11   8   9   7   8   8
  62  11   9   6   8  11   6   8  11   8   6   6   7  13   6   9   7  10  10   6
   9  12   6  12  12   9
  63   7   8  10  13   8   9  10  10   9  11  12  11   7   8   7  10   8  10  10
  10  11   9  10   6   6
  58   8  10  11  12   8   9  10   7  12   9  12   8   8  12   8   6   6   8   6
   6   8   8  12   7   9
  97  13  18  16  16  10  20  14  14  15  11  15   9  18   9  17  11  11  19  12
  19   9  16  15  14  20
  50   7   6   7   8   5   7   8   7   5   7   6   9  10   6  10   8   7   8  10
  10   7   8   5  10   5
    576    559    566    597    569    569    569    567    559    562
    589    557    562    554    581    554    567    551    561    580
    549    566    581    570    571
