MK100.04.D
 100  25
  55  10   6   7   8   6   6  11   5  11   9  10  10   6  11  10   9   9  11   9
   7  10   5   6  10   8
  84  15  17  15  11  13   9  15   9  17  13  13   9  14  10  10  12   9  12  12
  14   8  17  12  15  15
  76  15   8  10  14   9  13  10  13  15  13   8  13  13   9  10   9  15   9  13
   9  15  13  11  12  11
  61   6  11   8  11   8   9   7  12   6   8   7   9   7  12  10   9  12  13  10
  11   6   7   6   6   7
  97  17  18  10  11  10  18  13  15  19  14  12  18  13  12  18  14  13  14  10
  16  15  15   9  10  14
  56   9   8  10   5  11   9   9  12  10   6  10   7   8   7   9   8  10   7  10
  11   7  10  10  10   7
  98  15  13  13  16  17  17  20  20  14  20  16  14  17  17  20  16  18  11  15
  16  19  19  18  17  18
  85   9  15   8  17   9  17  11  16   9   8  12  16  16  12  14  11  10  15  15
   8   9  14  17   9  10
  58   8   5  10  11  11   9  10   7   7  12  11  12   6   9   9   6  12  10  11
   8   6  11  10  10  10
  95  16  15  12  18  11  12  13  17  18  17  17  11  12  16  19  12  11  13  15
  16  10  15  12  17  19
  71   9  13   8   7  11  10   9  14  14  11  13   7   9   9  12   9   8  11   8
  14  10  13  12  13   7
  73  15  10  14  11   8  13  13  14   8  13  10  14  15  12  12   8   8  14  14
  12  11   9   8  11  14
  97  19  19  16  10  19  13  20  18  10  12  14  11  19  18  14  10  10  10  13
  14  14  18  17  15  14
  81  12  11  12  15  15   8   9  13  15  17  12   8  16  14  15  16   8   9  16
   9  16  12  14  13   9
  64  13   7  13  11   6   9  10  10  13  11   8  10  13   7  10   9   7   8  11
  12   9   7   8   7  10
  85  16  12  13  16  14  17  17  14  14  10   9  13  15   8  15  10  17  14   9
  13   8  17   9  11  13
  89  14  11  15  15  15  15  10  18  17  11  18  13  13  17  14  16  17  10  10
  14  15  17  15  17  14
  76  12  13  14  12  14  12  10  15   9  15  15  12  11  10  15   8   9  10  14
  10   9  11  10  11  15
  63  12  10   7   8   7   8   8  10  13  13  10  12  10  11  11   9   6  10   7
  11  10  12   6  11  11
  52   5   9   9  10  10   5  10   6   9   5  10   9   5   8  10  10  10   7   6
   6   8  10   9  11   8
  82  12  16  16  10  12   8  16  12  16  10  15   8  11   8  11  14  12  16  10
  16  16  10  10  12  10
  63   9   8  11  10   9   9  12  11  13   7   8   9   7   8  10  11   7  11  11
   9   9  13  13  11   6
  85  10  15   9  10  17   9  12  12   9  17  15  12   9  15  17  14   8  15  11
  10  13  17  17  17  16
  63  11   9   9  10  11   9  11   9  12  11   9  10  13   7  10   8   7   8  12
   7  11  11  13   8   7
  80  16  14  13  10  13  11  12  14  14  13  10  10  11   8  10  11  13  14  12
   9  11  14  16  14   9
  93   9  15  15  18  19  19  13  17  15  13  10  17  14  10  12  16  13  13  11
  18  11  10  14  15  16
  98  11  12  19  15  14  10  17  15  10  18  18  20  19  15  16  10  12  15  15
  17  19  17  16  17  20
  63  10  12   9  12   9  10   8  13   9   8  11  13   7   7   9  11  10  10  12
   8  12  12   7  12   8
  91  16  14  11  10  15  16  14  18  11  18  18  12  12  14  12  17  13  10  12
  15  17  12  18  12  18
  59   6   7  12  10  10  12  11   9  12   9   9  12   6   6   7  10   6   6   7
   6   8  10   6   6  11
  66   7  10   7  11  10  10  12   7  13  11   9  13   6  14  12   8  11  10   8
  12  13  11  12  12   9
  70  14  10  14  11  13  14  10   8  14   8  14  13   7  14  11   8  13  11  11
  10   8   8   7   8  11
  63   7   9   7   9   9  12   9   6   7  12  11  12   8  12   8  12   7  12  12
  11   7  11  12   8  10
  80  11   9  12  10  13  10  15   9  13  13  11  11  15  13  12   8  16  15  10
   8  10  14  10  11  10
  71  14   8   9  13  13  11   7   8  12   8  12   7   8  11   7   8  14   8  10
   9  11  12  13  13   8
  57  11   9   5   9  11   8   9   8  12   8   6   8  11  11   7   8   7  11   8
  11   8  11   6   6   9
  62  12   8   6   9   7   8  11  10   7   8  12   9  10  11  10  10   6   7   6
  11   7  11   8   8  11
  50   8   6  10  10   8   8   7  10   7   5   5  10   8   9  10   5   5   9   5
   7   9   5   5  10   5
  71   9  13  14   7   8  14  14  12  12   8  15  14  13  11   8   7  11  13  14
  11  10  11  11  13  11
  63  12   8   7  11  10   8   7   8   8  10  13   9  11  12   8  11  11   9   6
  10  12  12   8  12  12
  52   8   7  11   7  10   7  10   7   8   9   7   6   5   5   8   6   9   9   8
   9  10  11   9   7   9
  70  13  11  12  10  10  10  12  10   7  12  12  14  14   9  13  14  12  10  12
   9  10   9  10  13   7
  82  11  14  13  10   9  13   9  14   9  11  11  13  12  12  15  13  12  12  11
  12  15  15  10  14  11
  59  12   8   9   9   6  10   9   9   9  12   6   8   6   6   7   7  10  11   8
   7   8   9   6   9   9
  60   8   8  12   6  12  11   9  12  10  11   9   7   6   9  12   9   8  10   9
   9   7   8   9   6   6
  55  10   8  10   9  11   8   6   5   8   7   8  11   7  10   5  10  10   8  10
  10   9   5   8   7   8
  61   8  11   6   7   7   7  10   6   6   6   9  10  11   9   6   6  10   8  10
   9  11  11  11  12  12
  81  13  12  14  16   8  15  11  16  11  10  12  13  10  12  17  11  15   8  17
  13   9  16  10  16   9
  69  13   8  14  14  10  14  14   7   9   9  12  13  10   8   8  11   8  14   7
  14  14   9  14   8  12
 100  10  11  16  20  13  17  13  17  13  15  13  13  20  19  16  16  10  20  17
  13  10  20  15  11  19
  51   6   8   7   7  10   5   7   8   9   5   6   8   9   9   5   5   6  10   8
   5   7  10   8   9  10
  83  15  10  15  13  16  17   8  10  15   8  10   8  17  13  17  16  14  15  11
  16  15  11  11  16  15
  79  15  16  14  15  14  10  13  11  12   9   7  11  11  10   7  12  15  16  12
  12  13  12  14   9   8
  71  15   8  11  14  12  10  14   7   9  13  13  11  13   8  13   7   7  13  13
  11   9  10   7  11  10
  77  13  14   9  12  15  14   8  14  13  15  13  16   9   8  10  11  10   9  12
  14  13  10  10  13  13
  53  10  11   5   9   6   9   9  10   7   8   6   7  10   9  10   8  11  10  11
  10   7   5  11   6   9
  59  12  12  11  10  10   8  10  11   9   8   8   9   9   6  11   8  12   6   9
  10   6   8  11  11  10
  90  10  16  16  12  18  12  17  16  16  15  14  15  14  15  16  15  14  13  14
  17  14   9  14   9  10
  88  14  11  13  14  14  12  14  11  17   9  10  10  17  10  16  14   8  11  15
  15  11  15  11  14  13
  68  14   9  12  12   7  12   7  11   9  12  10   8   7   7   9  10  12   8   7
  13   9   9   7   7   9
  66  11  12  10  12   9   9   7  11   9   7  13  12  13  10  11   7   9  13   8
  10  10   7   8  12  13
  75  15   9  14  15   9  11  12  15  15  12   9  11  12  13   9  12  15  12  15
  11  15  10  15  12   9
  62  10  11   8   7   7   8  10  12  11   8  12   6   7  12  12  13  12  10   8
   6   6  13  10  12   7
  81  13  14   9  16  14   8  13   9  12  13  13  14  16  12   8  14  16  12  12
  12  14  17   8  16  15
  61   7  12  10   9  12   6  10   6  11   8   9   6  11   9  10  10  11  10   7
   9  12  12  11   8  12
  57   8  10  12   6   7   6   9   9   9   7   8  11   7  10   9   5  10   8  11
   6  10  10   9  11   8
  99  16  14  14  17  15  11   9  14  13  11  17  10  19  14  19  19  16  17  14
  13  11  18  12  12  20
  93  18  14  13   9   9  11  15  11  13  17  10  10  19  12  14  13  12  14  11
  12   9  11  16  18  16
  50   8  10   6   7   8   5   6   8   9   6   5   5   9   7   5   9   9   5   6
   6   9   9   6   6   5
  51   9  10  10  10   9   8  10   7  10   7   8   6   7   7   7   6   6   5   6
   7  10  10   9   8   7
  85  16  16   9  16  16   8  10  16  15  16  13  17  11  17  17  17  12  16  14
   8  16  17  10   9  11
  53   8   6  10   6   9  10   7   6   9   5   6  10   5   7  11   6   7   7   8
   9   9   7   6  11   6
  94  17  12  10  11  12  12   9  15  16   9  14  18  13  13   9  19  14  11  18
  11  15  12  17  16  14
  77   8  14  10  10  15  14  11   8  11  13   8   8  14   9  11  11  13  13  13
  16  16  10   7  10  13
  65  13  11   8  13  12   7  11  11  10   7  11  13  10  12  13   6   7   9  12
   7  13  11   6   9  10
  78  11  14   9  15   8  15   8  10  14  13  13  13  16   9   8  12  13  12  14
   9  12   8  14  11  10
  87  11  17  10  15   9  14  14  17  15  15  16  15  11  10  17   9  15  16  10
  15  17  11  17  15  16
  87  15  10  14  16  18  13  17  12  15  17  15  11  10  15  16   9  17  17  17
  14  11  16  10  16   9
  63  12  12   7   9   7   8  10   9   9   7  13   7   8   6   8  12   9   9   7
  12  10  11   8   6   9
  98  19  15  20  19  18  19  10   9  14  11  11  17  10  16  17  15  16  10  12
  13  20  11  16  20  20
  91  11   9  15  15  11  18  14  18   9  18  15  12  13  15  10   9  10  16  18
  17  14   9   9  10   9
  91  14  13  12   9  13  14  11  16  16  16  14  17  11  18  15  12  16  10  11
  13  18  18   9  10  16
  69   8  13   8  14   8  13   8   8  10   8  12  13   7   7   8  12   9   8  12
  13  10  11  12  14  14
  78  11   8  12  11  15   9   8  15   9  12  13  12  10  14   8  14  15  10  16
  14  10  11  15  16   9
  93  12  11  10  19  15  15  10  11   9  18  10  16  12  11  12  14  10  17  16
  14   9  12  18  13  18
  58   8   9  11   6  10  11  10   8   7  12  10   6  12   7   9   5   6   6   7
   6  12   5  11  11   8
 100  18  10  18  17  17  13  15  15  19  10  15  20  13  11  13  18  19  18  11
  13  19  15  20  19  10
  93  10  19  12  16  14  17  11  11  10  15  10  10  18  19  11  19  13  12  13
  19  11  11  10  17  16
  80  12  16  12  15  10   8  14  12  16  10  13  16  11  13  14  13  10  11   9
  11  15  14  16  14   8
  84  14   8  14  12   9   9  14  13  14  10  14  17  12  12  15  11  11  13  12
  17  11  15   8  12  11
  58   9   8  11   6   9  10   7   6  12   5  11   8  10   8  10  10  10   9   8
  11   6  10  12   9   8
  60   8  10  10  12  10  12   8  12   6  11  11   7  12   6  12  12   9   9   9
  10   9   9   6  10   9
  63  10  13  10   6   7   7  10   8   7   6  10  11   8   9   7  12   9   6   7
  13  12   8  11   6   8
  85  17  11  11  14  16  16  11  10  14  10  13   9  17   9  11   9  15  14  17
  12  11  15  13  12   9
  62  11  11   8   9  12   7  10  12   6   8   8   6   9   6   8  11  10   8  12
   8   8  13  12   9  12
  63   8   9  13  13  12   7   7   9   8  12   8   9   7   9   9  10   7   7   7
  12   9  12   8  12  11
  76  10  15  14   9   8  13  10  12  14   8  15  13  14   8  10  12  12  15  12
  15  10  14  14  12  10
  65  11  13  10   7   7  12  12  13   7  11   7  13   9   6   9  12   7  12  10
   6   7  13  11   8   9
  89  12  10  12  14   8  17  12  14   9  12  13  11  15  13  11  17  15  12  18
  17  10   9   9  17  11
  96  18  10   9  11  19   9  16  12  11  16  11  11  10  10   9  13  14  17  13
  14  16  19  13   9  18
    584    562    557    575    563    553    549    568    566    547
    559    562    559    535    563    548    550    559    556    567
    558    585    549    573    557
