MK100.08.D
 100  25
  59   6   8  11  12  10  10  11   8   6  10  10  11  12  12  11  11   7  12  11
   6   7  10   9  11  12
  91  12  18  10  16  16  17  19  17  10  17  10  17  17  17  16  16  16   9  15
  16  13  16   9  11  13
  97  17  11  11  11  17  14  11  19  10  17  19  15  17  18  16  14  11  14  10
  13  19  14  18  18  15
  84  14  13  10   9  17  14  14  12  12  12  15  11   9  13  15  13  11  13   9
  11  15  11  12  11  15
  88  14   9  12  12  13  16  13  13  17  16  17  12  10  11  18  14   9  10  12
  18  15  16  15  10  11
  95  15  10  19  12  19  19  17  16  10  11  11  15   9  13  12  13  16  15  15
  19  12  13  11  18  17
  93  12  13  14  11  11  12  14  13  15  15  10  12  17  12  19  11  11  15  16
  16  14  14  15  14  10
  87  15   9  13  15  17  10  14   9  13  13  16  10  18  16  12  12  11   8  10
  16  11  13  10  10  16
  90  11  10  12   9  17  17  11  11  17  12  13  10  10  12  16  16  17  13  14
  15  12  10  15  16  17
  98  14  19   9  10  17  18  14  19  18  14  14  15   9  10  20  19  19  16  18
  20  10  11   9  14  18
  80  16  16  14   9  10  13  16  13   9  14  16  13   8  15   8  11  15  15  15
  14  12  10  13  11  14
  51   7  10   7   5   9  10   8   5   9   7   8   9   6   5   8   6   5  10  11
   8   8   6   6   9  10
  93  13   9  12  10  15  11  13  17  18  16  19  17  10  18   9  11  12  12  13
  12  11  18  18  12  15
  95  14  19  12  11  15  13  17  13  16  16  16  18  13  18  15  13  16  13  15
  15  11  10  13  19  10
  98  14  13  18  17  12  12  18  18  20  17  11  15  10  15  10  11  19  20   9
  12  19  16  19  17  19
  77  14  14  13  10  12  15  11  13  13   9   9  15  13  13   9  12  16   8  13
  12   9  15  11  14  11
  65   8  11   8   7  10   7  12  10   7  13   8  12   9  11   9  12   7  13  11
  11  10   9  11  10  10
  93  17  17   9  13  13  13  17  19   9  15  12  17  18  12  14   9  10   9  18
   9  15  14  16  14  16
  56  11   5   7   9   9  11   9  11  10   9   9   7   6   9  11   9  11  11   6
   9   8   9  10  11   6
  75   9   7  14  14  10   7   9  13   8  14  15  10  10  15  14   9  11  14  11
  14   7  14  15   8  15
  52   6   6   8   6   7   5  10   8   7  11   7   6  10   6  11   9   7  10   5
   6  10   6  11   9  10
  74  13   8  10   7   9  14   8  15   8  10   8  13  11   8  10  13  14   8  12
  10  12  10  14   8  13
  85   9  11  12  13  16  15   9  13  16  10  17  14  16  13  17  15  10  17  15
  11  17   9  16  11  14
  62   8  11  12   7   6  11  12  10  10  13   9  11   7   7   6   6  11  10  12
   6   8   8  12   8   8
  87   8  15   9  12  14   9  12  16  12  16  16   8  15  18  12  12  10  13  10
  10   9  14  14  14   9
 100  20  12  11  18  19  14  19  11  15  15  15  16  12  16  18  11  19  19  19
  10  18  15  15  13  10
  91   9  10  12  12  14  17  12  14  11  17  18   9  13  18  18  18  13  18  15
  18  10  15   9  13  12
  60  10  12  12  10   8  12   8   9  12  10  11   9  10   6   7  10   8  12   8
   7   8   8  10  10   7
  59   6   6   7  12  11   9  10  12  12  10   8   7   7  11  11   6   8  10   8
  10   6   9   7  10   8
  64  12   9  10   6   7   6   7   8   6  11   7   8   8  13   8   9   8   8   9
   7  10  11  10   7   6
  65  12  12  13   7  12  10  12  11  12  13   9   8   6  11   7  12  10   7  10
   8   8  10  13  10   7
 100  15  18  11  15  14  13  19  13  10  19  17  18  15  11  15  17  11  12  17
  13  12  10  14  14  16
  54   7  11  11   6   7   8   7   8   5   6   7   9   6  11  11   9   9  10   6
  11   5  11  10   7  10
  58   6  11   8   6  11   7   9   7  10   6  11  10   7   6   7   8   6   6   8
   6   8   6  11  10   6
  57   5  11   5   7  10   8   6   7   7   7  12  10  10   8   6  10   6   9   9
  10   7  10   9   7   9
  64   9   9  10   8  11   9  11  13   8  13   8  11  13  12  11   7   7  10  10
  10  12  12  11  10  13
  90  16  18  10  10  13  10  11   9   9  17  17  11  16   9  15  13  12  18  14
  17  15   9  11  18  10
  55  11  10   7   8   7  10  11   8   6  11   9   7   6  10   6   8  11  11   7
   6   6  10   5  10   9
  52   8   9   8   8   6   7  11   9   8   6   9   8  10   6   9   7  10  11  10
   5   8   7  10   8  11
  89  10  15  14   8  15   9  17  16  18  12  12   9  16  17  12  10  11  17  14
  13  13   9  15  12  17
 100  13  10  12  18  18  11  19  10  16  20  16  12  10  10  11  16  18  19  20
  20  18  11  17  15  19
  72   7  11  13  10   8   8  13  10   8  11   8  14   8  13  14  13  10  12   8
   8  11  11   9   9  14
  92  15  16  15  17  13   9  10  12  10  14  12  13  11  16  12  15   9  17  11
  18   9  11  14  17  16
  95  18  11  13  19  16  19  17  16  14  10  16  18  15  13  11  10  19  13  17
  16  17   9  10  12  19
  87  16  16  13   9  14  12  13  15  11  13  17   9  15  17  14  18  13  10  13
  17  16  10  11  16  15
  75  12   8   7  15   9  12  13  11  10  10  11   9  12  10   8  10  15  12   9
  15  15   9   9   9  13
  94  14  15  17  16  10  17  13  19  19   9  16  11  14  15  11  11  13  12  18
  14  19  10  12  17  13
  52   6   9   7  10   8   8   6   8   9   9  10   5  10   7  11  10   9   6   5
  11   8   9   5   5   7
  91  11  13  12  16  16  17   9  11  17  15  16  10  16  11  16  16  12  16  14
  11  13  13  15  14  11
  72  14  10   7  11  13  13  11  12  12  14   9  10   7  11  12  10  11   9   9
  12  14  12   8   7  15
  95  13  19  14  19  15  12  15  17  18  13  15  16  18  17  18  15  13  18  14
  11  17  10  19  15  10
  51   8   9   5   6   6   6   7   5   9   6   8   5  10   6   9   5   8  11   8
   8   9   8   9  10   9
  68   8   8  10  14   8  13  12  14   9  10   9  11  10  13  12  12  13   9  13
  13  14  14   8  11  10
 100  11  11  19  13  13  12  16  20  11  13  20  18  15  19  15  14  14  16  17
  16  17  17  15  13  16
  89  16   9  13  16  17  14  14  11   9  13   9  18  16  13  17  16  16   9  17
  18  16  15  10  10  10
  80   8  13  15  12  14  16  13   8   9  12  11   9  10  14  16  16  16  10   9
   9  15  11   8  14  16
  78  16   9  16   8  12  14  12  10  11  11   9   7  12  15  14  15   9  11  16
  15   9   8   8   8   8
  86  12   9   9   9  10  15   9  16  13  17  10  11  15  15  14  14  11  16  15
   9  18  14  14  10  11
  65  12  10   9   8  11  11   7  13   9   7  12  10   7  13   8  11   8  12  11
  12   7  11  13   8   9
  80  11  12  13  14  13  16  14  11  15  12  10  16  13  16   9  15  12   8   9
  14  15  13  15  15  13
  78  14  15  15  12  14  10  13  16  12  12  16  16   9  12  11  14  12  11  12
  11  13  12  12   8   9
  59   9   9   9   6   7  12   8   7  11   7   7   8  10   7  10  11   9   6   8
   6  10  11   6   8  12
  66  11  12  14   8   9   8  10   6  14  13   6   8  10  12  13   7   6  10   7
  13  11  10   9   7   7
  50   9   5  10   5   9   7   9   6   6   9   7   9   6  10  10   5  10   8   5
   9   6   8   5  10   7
  68   7  13  11  10   7   9  11  11   7  13  13  11  14  12  12  10  13  13   9
   9   7   9   9   8   7
  51   6   7   6   5   7   7  11   8   6   6   7   5   7   6   9   5   9   9  10
   5  10   8   8   6   5
  58   6  10  10   9   9   7  11  11  10   7   8  12   9   7   8   8   6  12   9
   6   7   9  11   7   9
  97  13  14  14  13  11  16  13  17  12  15  11  20  16  17  13  12  14  10  18
  11  10  12  17  19  12
  56   7  11   7   9   8   9  11   8  12   7  11   7   8   8  10  10   8   6  10
   9  10   9   7  11   8
  62  12   9   9  11   7  10  11  12   7   7  12   7   8  10  11  11  12   9  12
  13  10  11   7  12  11
  67   7  12   7  14   9   7  13   7  12  10  11   8  12  12   8   9   9  11  13
  11   9   9  14  12  13
  87  16   8   9  14   8  14  12   9  15  17  15  14  14  14  12  15  14  16   9
  10  15  12  13   9  16
  98  10  18  10  12  13  15  13  15  11  18  14  19  10  16  10  17  17  11  11
  17  14  16  15  17  13
 100  15  13  17  20  12  20  11  19  18  13  20  15  13  19  12  10  18  16  12
  11  14  13  18  20  10
  98  10  19  12  13  18  16  15  17  13  17  18  19  15  12  17  15  19  19  19
  10  16  15  16  15  10
  69   9   9   7   9  11   7   9  12  13   8  10   9   9  10  13  12  11  12  13
   9   9  11  11  11  12
  78   9  11  11  11   9   8  10  15   8  16   8  13  15   8   9  10   8   8   8
  14  15  14  10  14  11
  94  15  16  13  16  18  16  17  17  14  18  17  12  17  18  10  13  19  15  17
  17  13  10  11  12  15
  86  14  15  11   8  14   8  18   9  13  10  13  10  11   9  14  14  10   9  17
  15  11  12  10  14  15
  78  10  12  11  13  16  13   9   8  13   8  16  12  16  10  10  12  14  15   9
   8  14  10  10  13  10
 100  14  12  11  20  10  11  18  20  16  12  13  18  20  19  19  16  12  12  13
  18  10  20  17  19  13
  51   5   6  10   9   5   7   7   5   8   9   7  10   5   6   5   9   6   7  10
   8  10   5   8   8   9
  83  15  14  15  14  12  10   8  10  10  11  15  14   9  16  14   8  14  13  16
  10  11  17  16  16  12
  56  10  11   9   7   6   6   6   6  11   8  10   9   6   7   9   9  10  10   9
   8  11   6   9  10   8
  93   9  17  16  19  11  10  13  12  10  10   9  11  15  11  15  12  12  16  18
  16  12  18  16  13  10
  89  13  17  17   9   9   8  10  10   9  15  16  10  18  10  10  13  17  16  12
  17   9  17  13  15  11
  58  10   7   7  11  11  11   6  10  11   8   6   6   8   7  12   9  11   7  10
  12   9   7  12   6  11
  84  10  16  13  11  10  12  12  15  11  11  13  10  16  16  14  13  12  15   9
  15  11  13  11  12  12
  60   9   7  10   6  10  11  11   6   9   6  11   8  11  10   7  11  10   7  12
   9  11  11   7   9  10
  86   9  13   9  11  14  15  13  10  10  10  11  16  16  11  17  12  11  17  10
  17  14  13  14  17  13
  96  10  19  17  11  17  15  18  14  12  11  15  15  17  18  17  10  19  14  11
  18  19  12  10  12  12
  69  13  10   9  12   8  12   9  13   8  14   7  10  11  11   8   8   9  11  13
  10  12  12  12  14  12
  94  19  17  11  10  18  17  19   9  14  13  19  14  11  16  18  11  19  12  10
  17  16  11  16  12  18
  78  11  12  10   8  10  13  12  10  13  16   9  10  14   8  13   9  11  16  12
  15  15  10  11  11  12
  52   7   8  10   7   6   6   5   8   8   8   6   9   8   7   5   5   5   6   7
   8   8   6   8   7   5
  60   6   9   7  10  10  12   9   7   9   7  12   6  11  10  10  11   7   6  12
  12   9   8   8  11   7
 100  19  18  13  17  16  10  17  17  10  13  19  18  16  13  19  17  20  12  15
  11  20  11  15  14  19
  51   5   6   6  10  10   6   8   9   9   8  10   9   6  10   6   7   6  10   9
   6   9   9   6   6   9
  55   8   8   5   9   6   6   9   7   5  11   9  10  11   9   6   9   9   8   9
   5  11   7   6  11   9
  56   5   7  11  11   7  11   9   9   6   6   7   8  11   7  10  11   9   9   9
   7   6   7  10  10   7
    555    582    551    554    576    572    593    586    557    588
    596    575    579    598    593    572    583    591    588    590
    587    557    577    584    580
