MK100.02.D
 100  25
  52   8   9   9   9  10   5  11  10  10   9   6   9  10  11   9   7   7  11   8
  11   5   9   7  10   9
  81  16   8  13   9  12  10  14  11  15  15  11  10  13  17  12  11  10  13  11
   8  15   8  13  12  11
  91   9   9  12  16  18  16  17  14  12  15  11  11  15  12  14  15  12   9  13
  14  13  11  12   9  17
  50   6   6   7   7   5  10   8   8  10   7   5   5   6   8   7   9   6   9   7
   7   8   8   7   5   8
  51   9   9   7   5   7  10   7   8  10   6   5   8  10   6   6  10   8   5   7
   8   7   7   9   8   8
  88  14  11  14  18  17  12   8  15   8   9  10  16  14   9  16   8  12   9  15
  12  16  12   9  10  13
  50   6   9   6   6  10   7   6   9   7   8  10  10   9  10  10  10   5   7   7
   5   5   5   7   9   8
  84  16   8  15   9  14  15  15  15  16  15  10  10  11   9  10  15  15   9   8
   9   8  15  16   9  11
  67   9  10   9  12   9   6  10   8  13   8   6  13   6   7  14  12  14   9   9
   9   9   8  11   8   6
  94  12  14  18  11  19  19  12  16  13  13  13  19  14  14  19  14  18  16  19
  13  16  17  13  18  10
  66   7  11   9   6  12  12  13  10   8  14   8   8  10  13  10   8  12   9  13
   6  12   7   7  14  11
  84  15  13  10  10  11  14  12  15  12  12  11  12  16  12  13  10  10  11  11
  13  12  15  13  12  16
  73  12  15  13  11  11  15   9  10  13  11   9  14   9  10   8   7  15  15  14
   7   7  13   8  12  10
  74   7   7  11   7  11  10  14  12  10   8  15  12  13  12  15  12  13   7  12
  10  10   8  10  15  12
  72  12  12   7  13  10  12  14  11  10  12  10   7  14   7  10   7   9  10   7
   8  13  11  15  10   9
  63   8  12  10   7  11  10  10   7   7   7  10   8   8  11   6   6   9   8   9
  10  12  13  12   7  10
  75   9  12  11  11   9  15  10   9  13  11  13  10  15  11   8  13   9  14  10
   7   9   8  13  12  12
  67  10   7  11   8   6   7   7  10  13  10   8   6  12   9  11  11   8  10   8
  10  10   9   7  13  14
  93  17  18  11  16  13   9  11  17  10  15  13   9  17  18  10  17  15  18  17
  18  10  18  16  10  18
  92  13   9  14  13  15  10  11  15  13  10  18  18  13  13  12  11  19   9  14
  12  11  13  10  13  12
  71   8  13   8  13  11  10  14   9  12  14  14  10  11  14   7  12  11  10   9
  12  10  13  13  14  14
  58   8  11   8   7   8  10   7   9   8  10  11  11   8   8   7   7   8  11   7
  11   7  11   5   9   7
  86  10  17  18  13  17  11   8  11  11  11   9  16  10  17  12  14  17  15   9
   9  16  17  14  16  12
  63   9   9  11  11   7  11   6  12   9   9  13   9  12   6   8  13  12   7  11
   8  12  13   6   8  11
  77  15   9  11  14  13   8  11   8  10  16   8  14  14  12   9  11  14  11   8
   8  12  10   8   9   9
  90  14  16  18  18  13  11  16  10  15  13  17  12  10  17  10  14  15  10  18
  12   9  13   9  11   9
  77  13   9  14  13  15  13  15   8  12   9   9  11   8  14  11   8  14  15   7
  12   9   9  11  11  10
  64   6   8  11  13   6   9  11  10  12  11  12   7   9   8   6  11  10   8  11
   9  10  10   9   9   8
  56   5   7   6   7   9  11   8   8   8   6  10   8  11  11   9   6  11  11  10
   9  10  10   7   6  10
  56   7   9  10   5  11   8   6   9  11   8  10  10   8   6   6   6   9   8   6
   9   7   6  10   9   7
  92  17  12  10  12  13  19  11  13  14  15  16  17   9  10  11  14  15  11  15
  15  10  16  17  14  15
  56  10   7   7   9  12   7  10   9   8  11   6   7  11  11   5  11   9   7   5
   5   6   7   7   8   9
  67  11   8   8  10   7   7   9  13   9  12  13  13   9  13  13  11  10   9   8
   7   9  11   9   9  13
  91   9  12  19  17  14  11  18  11  10  17  10  17  14  17  14  13  12  15  10
   9  11   9  14  17  17
  78  15  14  11  11   9  12   8   7  16  12  11   9  11  13  12  14  10  15  10
  12  12   8  11  12  12
  79  13  10  14  13  11  11   8   8  10  13  12   9  15  16   7  12  10  12  10
  16  15  15  10  15  15
  98  14  15  19  16  14  19  14  19  17  14  14  10  10  11  16  12  19  13  13
  17  20  11  19  10   9
  74  11  10  13  13   9  12   9  13  12  12  10  14  14  13  13  14  13  12   7
  15  11  10   8  12  13
  80  14  14  14  10  13  14  15   9  10  13   9   9  10  13  12  16  12  13  11
  10  16  13  11  15  14
 100  12  11  10  15  20  19  18  15  19  17  12  17  17  13  12  20  13  18  19
  17  14  12  12  11  18
  54   6   5  11   9   7  11  11   5   9   5   7   5   6   9   7   8   6   9  10
   8   7  11   6   9   9
  95  10  10  10  13  10  15  12  14  15  17  19  19  18  15  16   9  18  13  13
  19  19  16  19  16  10
  77  13  13  13  11  16  14   8  14  13  14  10  13  13  11  12   7  13  14  11
   9  13  12   9   8   9
  66   6  10  11   8  12  11  12   9  13  12   8  11   9   9  11  12  11   7  11
   7  12  11   7   7   9
  72   8  12   8  12  12  14  11   7  14  14   9   8  13  14   8  13  14  10  10
  10   9  10  13  12  12
  71   9  12   8   7   9  15  14  10  11   9  11  13   7   7  11  11   9  14  10
  13  14  10   7   9   9
  96  18  12  17  14  12  14  16  15  16  16  12  19  18  14   9  10  18  12  14
  19  10  10  15  14  15
  95  18  14  14  18  12  19  14  15  12   9  17  19  18  15   9  15  12  18  19
  13  19  15  12  12   9
  58   9  10  10   6  11   9  11   8   9   6   6  10   7   9  12   9   6   5  11
   7  10   7   6   5   8
  62  10   6   8   7  10   7   7   7   6  11  12  11  12  10  10  11   8  12  12
  11  11   7   7  10   8
  54  10  11  10   5   9   8   7   7   6  11   9   8  10  10   5   6   9   8   6
   8   9   6   7   6  10
  99  14  14  11  18  17  18  13  19  19  15  10  10  14  13  11  13  11  12  18
  16  12  18  15  18  14
  59   7  11  12  10   9   9  10  10  10   6   8  11   8  12  10  11   8   7  11
   8   8  11  12  12  11
  57   8  10   8   7   7  12  10   6  12   6   6  11  12  11   8   8  11  11   7
   5   6   8  11   6  10
  96  10  16  10  13  14  14  19  15   9  15   9   9  20  20  15  17  10  11  14
  11  11  16  14  18  13
  91  10  14   9  12  17  18  16  12  14  15  14  17  10  10  11  16   9  16  12
  11  11  12  18  18  14
  75  15   9  13   7  14   8  13   8  11  15   7   9  11   9  14  12  14  10  10
  11   7  11   9  13  11
  91   9  10  14  13  17  15  16  11  13   9  10  13  18  14  11  16  11  16  13
  11  17  11  14  14  10
  99  20  10  10  18  16  13  18  14  11  10  13  14  17  18  20  10  13  15  17
  11  19  17  14  17  20
  88  11  16  16  10  16   9  16  14  14  17  13  12  17  10  12  11  13  12  13
   8  15  11  15  10  10
  60   6  11   9  11  11  12  11  12   8   9   8   6   7  12   8   7  11  10  10
   6  12  11  10  10  11
  83   8   8  17  10  14   9  14  16  13  10  10   8  13  16  13   8  14  10  11
  15  17   9  11   9  11
  59   9   7   6  10   9   8   7  11   7  10  12   9   6   5   8  11   7  10  11
   6  11  10  11   7  10
  97  10   9  18  14  17  13  10  11  11  14  12  12  12  12  16   9  19  14  11
  12  13  16  10  20  13
  83  15  11   9  11  11  11  10  11  13  12  15  14   9  10   9  10  11  13  13
  17  11  10  17  16  15
  86  13  12  11  13  16  13  11   9  15  10  16  12  10  13  12  13  10  15  10
   9  13  11  13   9  17
  69   9   9  12  12  10   7   7   8  12   7   9   7  11  10  12   8   9  11   9
  10  11   9  10  12  12
  90   9   9  12  17  18   9  16  13  13  17   9  15  15  15   9  13  10  10  18
  13  13  11  16  17  13
  73  10  14   9  11   8  14  11   8  11   9  12  10   7  11  14  12  15  12  15
   8  13  10  14  14   9
  72  12   8  12  11   7  11  14  12  12  15  14   9  13   9   8   7  14  14  14
   7   7  12   7  13   9
  68   9  13  12  13  11  10   9  12   7  11  14   9   7   7  13  12  10  14  10
  12  11   9  13   9  11
  62  11  11   7   9  10  12   8   8  10   7  12  12  11   7   7  13   7   7  10
   8   7  12  10  12   9
  93  15  14  10  10  17  16  13  10  19  10  14  13  10  16  14  10  13  16  17
  18  15  15  18  15  15
  66   9  10  11   7   8   8  11   7   7  13   7   9   6  13  10   8   7   8  13
   9  12  12   7   7  13
  74  14  12  13   8  13  11   9   9   8   9   8  10  11  15   8  14   8  12  14
  13   8  14   9  10  14
  57   8   9   7   6  11  11   9   9   7  11  10  11  10   9   7  12  10   8  11
   6  10   7   7   8   9
  67   9  11   7   8  10  13   8   9  10   6  12  11   6   8   8   9   6   7   8
   7  13  10  12   8  10
  58   7  12  11  11   9   8  12  10   8   8  10  11  11  10  10  11  11  10   9
  12   7  10  10   5  11
  77  11  11  12  12  15  15  15   8  15   9   9  14  14  12   9  16  13  13   9
  12   9  11  14  10  10
  58   6   9   7   6  10   6   6   9  11   7  10   7   9  10  12   9   6  10   8
   9   9   6  10   6   7
  86   9  18  17  12  11  10  13  17  11  11  10  14   9  13  16  11  13  13  11
  16  15   9  16  11  12
  60   7   6   9  10   6   6  11   6  11  11   6  11  11   7  12   7   6   6   9
  12   9  12   7   8   7
  63   6   8  13  10   7   7   7  11   6   6  11   8  13   7   9   6  11   6   7
   7  13   8  10  13  11
  64   8  10   9  13   8  11   7  11  12   6   9   6   8   7   8   9   9  10   7
   9  10  10   9  11  10
  68   9  13   9  10  12  13  10  12   7  12   7   6   8  12   7  11  11   9   7
  13  13  11  14  14   8
  93  17  13  13  15  14  12  19  18  17   9  17  14  18  18  17  17  11  12  10
  16  14  15  15  18  13
  95  12  14  10  10  15  16  11  19  12  18  10  12  16  10  14  18  13  14  13
  14  14  15  19  17  10
  72   7  11  12  14   8  11   7  15  10   8  10  11  11  15  11   9  10  12   7
  12   8  11   7  10   9
  90  18  16  13  15  18  16  15  11  10  17  14  15  10  14  13   9  10  13  12
  16  17  15  11  12  10
  82  16  10  12  13  15  15  11  10  12  15  11  12  10   8  10  16  16  15  13
   8  13  16  10  14  10
  64   7  10  13  13   9   9   6   9  11  13   6  12   8  11   8  10   6  13   6
  12  10   9  13  10  13
  55   6   6  10   9   7  11  11   8   8  10   5   5   6  10   6  11   9  11  11
   6   7  11   9  11   8
  99  14  15  19  16  12  13  18  19   9  19  18  18  18  17  13  11  11  20  11
   9  20  18  18  19  10
  62  11  10   8  12  10   6  11   7   7   8  11  10   6   6  10  10   9  13   7
   7   9  12   7  12   8
  67   9  12  10  13   9  11  13  11   9  11   9   8  13  14  10  10  10  13   7
  12   8   9  11  11   9
  65  13  10  12  10   6   9  13   6   7  10  10  11   9  12   9   6  11  11   8
   8  13  10  13  13   7
  90  14  13   9  14  17   9  10  13  10  14   9  14  13  18  15  13  18  11  14
  12   9  10  17  11  14
  72   7  10   7   9  12   8  14  10   9  12   8  11  11   8  10  11   8   9  15
  14  13  12  10   9   8
  80  10  13   8  12  16  14  10  14  12  13  11  12  12  16  15  11   9  14  14
  15   9  11  12  11  13
  90  11  18  15  17  15  15  15   9  11  17  10  15  11  18  10   9  13  16  17
   9  18  12  15  10  15
    534    550    560    559    585    574    569    549    555    567
    531    560    566    581    536    552    559    568    551    535
    568    560    563    568    556
