MK100.03.D
 100  25
  53   9  11   8   9   8   9  11  11   7   6   8   6   5   8   9   5   8  11   9
   9   7   7   6   7   5
  82  15  12  14  15  12  14  10  15  11   9  16  14   9  13  16  12  14  12  11
  11  12  12  12  14  13
  58   9   6  11   7   9   7   6   6   6   6  10   9   9   7  12   8   6   6   6
   8  10  12   8  11  10
  81  14  12  11  13  14  10  11  15  16  11  13  10  14  10   8  13   9  11  17
  13  15  16  10  13  16
  99  17  18  18  16  12  18  19  10  19  19  11  11  17  12  10  16  20  13  18
  10  20   9  19  18  10
  72   7  10   8   7  10   7   9  14  10  12  15   7  11   8   8  13   7  12  12
   8  11  11  10  15  14
 100  19  15  18  15  19  10  11  14  14  13  18  11  18  13  14  12  20  13  15
  14  14  15  16  12  17
  85  12  16  16   9  11  16   8  16  17  16  16   8  13  15  12   8  17  12  17
  13  14  15  17  14  15
  63   9   7  10  12  10   8  10  11   6  10  12  13  10   8   8   9   9  10   7
   9  11  10   7  13   8
  69  10  11  11  11   7  11  13  12  11  11  11  11  10   7  10  10   7   7  12
   7  13  12  13  13  10
  94  11  11  12  15  16  15  10  11   9  17   9  16  18  10  10  12  19  19   9
  19  15  14  13  13  13
  53  10   8   5   7   6   9   9   7  10   8   7   9   8   5   5   6   9   5   8
   8   8  11   7   8   7
  85  15  17  14  10  15  10   9   9  12  17  11  13   9   9  11  13  13  13   9
  15  10  16  12   9  17
  52   9   9   8   7   9   9   8   8   8   8   9   7  10   5   7   6   7   8   9
   9   6   7   5   6  10
  68   9  13   6  12  12  11   8  11   7  11  13   9  13   7  14  12   8   9   9
  10   7  13   7   9  10
 100  10  11  10  15  11  12  18  20  14  17  14  14  15  14  14  11  17  15  18
  15  15  14  20  12  16
  56  11  11   9   6  12   7  10   6  10  11  11   8  10  10  11   7   5   8   7
  10  11   8   6  10   6
  71  11  14   8  14  14   9   8   8   7   8  11   9  11  13   9  14  12  14   7
  10  10  14  12   8  14
  53   7   6   9   8  10   9  10   9   5   7  11   8   6   7   8   9   7   6   8
   7   7   7   7   8   7
  72  13  14  11  12  13   7   7  14  11   8  10   9  13   7  11  11  10   8  14
  13  14   8  14  12  11
  77  10  11   8   8   8   9  15  15  14  12  10   9  11  11   9  13  11  13  14
  10  13   7  12  13   8
  61   8  10  10  12   9   6   6   7  11  12  10   7   7   8  12  12  11  11   9
   7  11  12  13  10  10
  60  10  11   9   8   9   7   7  12   7  10  12  10   6   8   7   6  12   7   7
  10  10  12   7  12   6
  63   6   9   6  10  13   6  12   7   7   6   7   9  12   7   9  10   6  12   8
   7   8  12   6  12   9
  53  11   8   8   5   6  10   8   7   8   7   6   8   8  10  10  11   9   5   7
   6   5   8   5  11   9
  66  12  11   8   9   8   7   7  10   7  13  10   7  12  10  12   7   6  12  10
  11  11   9   8  13   9
  62  12   7  12  10   7  12   8  11  12  13   6  11  13  10  13  10   9  11   8
   7   6  13  10   6   7
  64   8   6   6   9   8  13  13  12  11   6   8  10   8   8  11  11  10  13   8
  12   7   8  12  11  12
  99  19  19  12  17  11  18  15  12  13  10  18  19  16  18  20  15  12  14  16
  16  13  10  16  12  13
  58  10   8   8  11   7  10   8   9  11   6  10   7   7  10   6   8   8  11  10
   7  11  11  12  11   6
  53   8  11   6  11  11   6   5   7   6   6   5  10   8   8   8  10   6  10  11
   9   8   9   7   9   8
  89  17  12   9   9  17   9  15  17  16   9  14  14  13  18  16   9  15  17  16
  11  15  15  15  17   9
  91  17  17  10  18  12   9  18  13  11  17  17  17  16  17  10  11  12  15  15
  17  16  11   9  17  16
  85  15  15  15   9   9  10  11  15  12  10  11  14  10  10  13  11  14  15  10
  13  11  17  17  14  13
 100  19  15  19  10  20  10  16  16  19  19  16  11  18  10  19  15  11  20  13
  14  10  14  10  17  14
  68  12  10   9  11  11  13   9  12  11  10  13  12  13  14  11  13  13  11  13
   9  11   9   8  10  12
  54   9   8   8   5  10   5   6   6   7   7   6   6  11  11   9  11   8   7   6
   6   8  11   6   9   7
  87  13  16  11  16  17   9  12  16   8  11  16  17  11  10  12  17  12  15  14
  10  14  11  10  16  12
  50   5   6   6   9  10   7  10   7   7  10   5   5   5   5   7  10   8   6   5
  10   9   8  10   9   8
  81   8  10   8   9  10   8  17  15   8  13   9   8  14  13  10  15  12  13  16
   9   9  12  10  12  15
  79  11   9  11  12  13  13  11   9   8  15  15   8   8  15  16  14  15   9  13
  13   8  16  12  16   9
  57  12  11   8  11   7   5  12   8   8  10   8   8  11   8  10  12   7  11   5
   6  10   8  10  10   9
  54  11   9   9  10   8   6   9  10   8   5   7   9   6   8   6   7   9   9  11
   7  10   9  10  11   6
  62   6   9   7   8   9   7   7   9   7  12   6  10  11   8   9   6  10  13   9
   7   6  10  10  11  13
  91  17  13  14  17  12  17  14  18  17  17  17  16  12  16  14  15  15   9  18
  13  11  17  15  12  12
  63   6   6   9   8   7   8   9  11   9  12  10  12   7   9  12   7   6   7   7
   8  11   7  11   8  12
  79   8  12  11  15  14  11   8  15  11  11  15  10  14  12   8   8  14  10   8
  13  11  16   9  14  14
  88  16  18   9  12  15  12  13  10  16  10  14  16   9  14  13  18   9  18  18
  13   9  11  11  14  14
  89  10  13  17   9   9  11  12  11  18  10  12  15  17  12  14  14  10  18  18
  14  12  16  18  14  14
  81  11   9  11  13  11  16  10  12   9   9  13   8  12  10  13  13   9  11  15
  12  16   8  16  11  13
  52   8   9   9   9   9  10  10  11   7  11  10   5   9   7   5   8  10   6  10
   6   5   5   7  10  10
  65  10   8  10   7   8   9   7  10  12   8  10   6   8  13   7   7  13  10   7
  12  10   7   9  12  10
  95  15  19  13  12  15  18  11   9  15  11  16  11  18  16  18  16  10  15  16
  14   9  15  18   9  14
  64  11  13  13  10  13   7   8   6  11  13  13   8   9  10   6   7   6   8   6
  12   7  13   9  12  10
  61   8  11  10  12   7  10   6   7  12   7  12   6   6  10  12   6   7  10   6
   9  12   9  12   7   9
  97  19  17  10  14  14  18  17  10  15  15  18  15  19  19  14  10   9  18  11
  10  13  11  19  10  15
  67  10   7  12  13   8   8   8  14  10   8  12   9  14   7   9  10  13   8  13
   7  10  13   6   8  11
  90  15  18  10  17  13  13  17  14   9  17  12  14  11  14  14  10  13   9  18
  14  15  15  14  11  15
  94  11  11  11  11  15  18  11  12  14   9  17  12  12  19  13  17  11  18  11
  13  15  16  13  16  11
  53   9   9   9  11  11   7  11   5  11  10   8   7  11   9   7  10   9  10   7
   8   8  10   7   5  10
  63   8   8  10   8  10   7   9   8   9  12  11   9  10  11   9  11  10   8  12
   8  11   9  13  11   8
  79  12   8  11   8  12  14  13  11  14  11  10  14  12  14  16  10  15  16   9
  13  11  10  13  15  10
  86  13  12  10  17  12  11  17  16  13   8  17  11  10  13   9  17   8  10   9
  14  12  11  15  13  12
  89  12  12  13  15  11  10  17  15  12  14  13  18  14  17  12  17  13   8  12
  12   9  12   9  13   9
  72   7   8  10  10   8  12  10  12  12  10   7  10  11  14  14  10   7   8  14
   8   8  12  14   8  10
  97  14  15  11  18  10  18  13  18  16  17  16  16  17  16  20  12  20  10  15
  15  15   9  15  20  11
  58  12   8   9   7   5   6   9  11  12  10  12   6   7  12   7   9  12  10   8
  12   8   6  11   9   7
  66  14   8   9   9  10  11  11   8  13   8  10   9   8  13  12   9  12  12  11
   9   8   8  12  13  10
  61  13  12   7   9  12   6   8   8   6   7  12  11   9   9   9  10  12  12  10
  11   7   6  10   9  10
  87  10  13  11  15  12   9  16  18  10  10  15  10   9  17  11  14  14  13  14
  15  13  11  17  15  16
  77  12  10  15  14   9  14   9  14  15  14  14   8  13   7  15  14  15  11   8
  15  14   9   7  13  15
  83  14  12  13  15   9  11  16  15  14   9  13  10  16  11  13   9  15  15  13
   8  12  14  12  16  11
  93  11  13  10  11  15   9  16  12  18   9  14  10  12   9  16  14  19  14  13
  14  15  19  18  10  10
  72   9  12  11   8  11  11  11   7  13  13  11  13  14  11  15  14  10  14   9
   8  14   7  11   8   9
  95  13  16  19  14  12  18  19  14  17  11  13  11  19  18  15  14  16  15  18
  14  15  12  16  13  11
  93  13  10  11  14  14  18  12  13  14  11  11  17  18  12  16  12  16  14  12
  15  16  16  14  18  14
  52  10   6   9  11  10   9   7   9   5   7   6   6   6   6   8   6   7  10   9
  10  10   7   7   8   5
  98  14  10  12  19  17  20  19  15  15  17  12  15  15  11  12  19  14  18  12
  17  18  18  19  19  15
  70   7   8  13  14  11  11  13  13  12  12   7  14  10  13   9  10   7  11   8
   8  14   7  11  12  14
  78  12  12  13  16  10  11   8   9  13   9  11  16  10   9  15  12  15  15  10
  11  14   9   9   8   8
  63   7  10   8  13   7   6   6  13   7  10  12   6   8   6  13   7   8   7  10
  12  10   6  13   7   7
  50  10   6   7   7   6  10  10  10   9   6   6   6   8   8   9   9   7   5   7
   6   9  10   8   9   7
  92  10  14   9  16  16   9  10  13  11  15  16  10  14  15  17  18   9  10  14
   9  16  19  16  13  18
  97  19  18  14  16  10  14  11  12  15  12  15  18  12  19  16  15  16  13  15
  15  14  19  11  13  19
  80  10   8  10  14  13  10  10  12  13  15   9  15  10  11  14   8  15   8  11
   9  12  16  16   9  13
  76  12  16  13  10   8   8  14   8  11  11  14  14  15  12  13  15  12   9   9
  15   9  14   9  10  15
  98   9  18  14  19  16  20  13  17  10  14  18  10  15  10  19  18  11  11  12
  13  11  10  14  13  10
  57   6   7  12   7   8  10   6   6  10   8   7   7  10   8   7   9   8   9  10
  11  10   8   9   9   8
  85  15  11  17  15  14  17  10  12  13   8   9  11  15   9  14  16  10  17  11
   9  11  10   9   8   9
  83  10  14  13   8  17  17  12  11   9  13  13  10  16  10  17   9  14  10  17
  17  17  11  14  13  15
  61   8   9   8   9  13   6  10   7  11  13  13  10   9   6  13  10   8  11   7
   8  11  10   9   9   6
  57  11  11   7  11   8  11   6  10   7  11  11   6   5   8   5  11   5   7  10
   8  11   7  11  11   8
  81   8  10  10  11   9  10  14  13  13   8   9  14  12   8  14   8  15   8   9
  12  11  12  14  12   9
  99  13  14  18  18  17  20  10  12  20  18  16  19  15  11  15  13  16  13  10
  19  19  13  13  11  17
  64   6  11  13   7  11   9  11  11   7  13  12  11  10  10  13  10  10   7  13
   6   8  11  11   6   7
  90  10   9  12  11  13  16   9  11  15  15  18  14  12  10  12  16  18  18  11
   9  15  11  15  17  13
  58  12  10  12  11   8  11   7   9  12   8  12  10   6   9   9   5  11   9   6
   6  10   9   7   8  11
  69   9  12  13   8  13  10   9  12  12   7   7   8  10  11  14   8   8  11   9
  10  14   9  11  12  13
  85  16  16  14  13  17  15  15  10  15  13  16  12  13  10   9   9  17  13  16
  11  14  15  15   9  17
  67   6   6  13  10   8  13  11  11  12   8   8  13   7  10  11  11  14   8   7
   8   9   7  14  11  12
    558    563    541    571    556    547    545    565    564    548
    583    538    567    542    579    557    561    562    552    540
    564    560    576    574    556
