MK100.05.D
 100  25
  56  11   8   7   7  10  11  11   6   8   6  11   7   8   8  10   6  10  11  10
   5   6  10  11   7  11
  86  14  12  17  17  14  13  11  14  13  16  10  13  10  17  14  13  13  11  13
  17  14  12  11  17  17
  94  13  10  17  13  17  10  14  11  16  11  15  18  16  10  15   9  17  12  12
  19  11  12  15  13  11
  93  14  18  12  17   9  17  10   9  10  13  18  16  16  15  10  11  17  15  11
  18  11  14  18  16  15
  95  16  18  13  17  19  17  19  19  18   9  14  14  10  12  15  11  17  16  13
  11  10  10  11  13  19
  92   9  15  11  10  13  11  18  10   9  15  15  15  12  11   9  11  14  17  15
  16   9  18  10  14  15
  97  12  10  19  17  15  13  19  16  14  16  15  16  17  11  14  10  17   9  16
  19  12  12  20  11  19
  85  15  13   9  17  16  17  14  17  10   9  17  15   9  17  16  13  13   9  14
  12  14  14   8  14  13
  53   7  10  10  11   5  11  10   9   7   7   9  11   8   9  10   9   7  11   8
   8   7   6   6   8  11
  70  13  12  14   8   9  14  13  13   7  14  14  12   8   9  10   8  10  12   9
   8   9  10  12  12  10
  99  15  13  10  16  15  12  14  16  17  13  16  14  18  14  13  13  13  11  13
  19  11  11  19  12  17
  93   9  11  17  16   9  17   9  13  14  18  13  10  15  12  10  11  16  15  10
  15  14  14  18  15  12
  57   5  12   9  11   6   9  11   9  11   9   9  11  10   9   9   9   9   9  10
   6   9  11   5  12  12
  59   7   6   8   6   5   8  11   9   6   8   8  10   5   7   7   9  10  10   6
   9  11  10   8  12   8
  59   9   9  12  10   8   8  12  10  10  10  11  11  12   7   7   6   6   7   6
   7  11   9   8   6  10
  70  11  13   7   8   7  12   7  10  14  12  14  12   7  12   7   9   8  12  11
  11  11  10   8  10  10
  70   8  11  13   9  10   7  11  13  14  12   7  11   8   7   9   9  12  13   7
   9  10   8   8   7   7
  80  13  11  11  10  14  14  11  14  11  12  10  16  10  15  13  11  13  15  13
  10   8  16  16  14  15
  74  10  15  13   8  11  15  14  10  15  12   7   9  15   9   7   9  13  15  15
   9  14   9  13   7   7
  84  11  13  14   9  17   9  15  14  15   8  12   9  12  10   9  10  10  12  13
  13   9  14  13  10  14
  87  15  13  16  13  17  16  17  18   9  17  10  16  10  14  13  15  12   9  15
  13   9  13  17  11  12
  66  10   6  13   7   9  12  11   8   8  10  14  12  13   8   8  10  11  10  13
  11  13   7  13  12  10
  60  10  10  11  12   8  12  10  12   6   7   9   7  12   7  10   7   6   8   9
  10   8   6  10   6   9
  63   9  10  12   9  10  11   9  11  10   7  11  10  13   7  11   6   8  13   8
   7   6  10  13  12  13
  57  12  12  10   9   6   6   8  12  11  11   8  11   7   7  11  11   8   8  10
   6  11  11  11   8  10
  70   9  11   7   9  12  13  13   8   7  14  12  10   8  12  14   9  13   7  14
   8  14  14  12   9   7
  84  11  10   8  13  15  11   9  10  12  13  14  10  15  11  10  13   9  12  16
  10  14  12  15  12  16
  62  12  10  11   8  11   7  10   6   8  10   8   8   6   7   7  11   9   6   9
  12   9   9  10   6  11
  83  13   9  10  13  10  14  13  15  10  16   8  15   8  12  14   9  14  15   9
  14  12  14  10  11  13
  60   9   6  10   9   6   7   6   9  12   6   9   9  11   9   7  11  12   8  11
  11  12   8   7   8  10
  78  15   8   7   9   8  14  12   8  13  10  13   8  12  11   9  13   8   9  12
  15   9  13  10   7  10
  52   5   8   9   5   9  10   7   8   6   7   7   5   9   5   6   7  10   6   7
   9   9   9   7   8   5
  86  13   9   9  16  15  16  17  15  10  17  14  15  15  17  12  14   8   9  10
  13  15  11  14  16  11
  74   8  12   9  11   8   9   9  13  15  15  11   9  10  15  10  15   9  14   9
  12  10  12  12   9  15
  93  18  17  16  13  14  19  15  16  15  13  16  19  15   9  12  17  16  11  13
  10  19  18  13  18   9
  97  20  18  16  14  10  18  18   9  12  12  14  19  19  19  19  18  17  20  19
  12  13  13   9  17  14
  69   7   9  11  14  10  10   9  14  13   8  11  12  10  11  11   9  11   8  14
   9  13  11  11  14   7
  64  11  10  10   7   8   7  10   6  13  11   9   6  13   8   9   7  12  12  11
  10  12   6   7   7  11
  91  15  11  15  13  13  14  18  18  17  13  18  17  15  18  10  10  15  12  15
  11  11  13  10  16  12
  95  16  13  12  12  18  14  13  15  13  15  18  18  16  10  12  15  18  12  11
  10  14  10  14  12  18
  77  14  12  12   9   8   8  11  12   8  12  16   9   8  10   9  11  11  10  10
  13  12   7  15  12  10
  83  13  11  16  16  14  16  12  12  16  14   8  12  17   9  15  16   9  17  10
  13  10   9   9  17  13
  59  10  10  10  10  10  12  10   9  12  10   8   9  12   9   8  11   8   7  11
   9  11  11  11   9   8
  55  11   7   5   9  10   7  10   8  10  11  11   7   8  11  11   8  10  10   6
   8  10   7   9   6   6
  79   8   9  10  10  13  13  12  15  13  14   8  13  14  11  11  11   9  10  16
  13   8  14  12  14  13
  98  14  19  10  20  18  18  18  14  14  18  15  20  13  11  13  14  16  18  13
  13  14  18  11  12  20
  95  16  19  17  15  16  10   9  12  18  18   9  10  16  14  10  11  15  12  11
  11   9  15  13  10  19
  74  11   7  10  10  11   9  10  11  15  10  10  11  10  11  11  13  11   8   7
  13   9  12   9   8  12
 100  14  10  10  20  18  17  15  19  17  14  20  19  10  20  19  16  12  19  12
  12  16  19  19  18  19
  67  12   8  11   9   8  10   9  13   9  13   7  11  10  11  11  10  13  11  11
   7   8  13   8  13   7
 100  10  14  11  20  10  14  20  10  10  11  16  10  18  13  20  14  15  17  13
  18  17  17  16  14  20
 100  20  11  11  10  15  16  19  20  18  19  18  10  17  12  20  17  13  10  17
  11  10  17  11  19  10
  64   7   6   7   8  12  11   7  12  10   8   8  11  13  13   7   8  11   8   9
  11   7   8  10   8  11
  79  10  11   8  10  10  13  13   7   8  14  12  15  10  15  11  15   9   9  12
  10  11   8  13  10   9
  92  18  18  17   9  15   9  11  13  14  14  14  19  13  16  16  16  13  15  10
   9  13  10  17   9  17
  60  10   6  12  12  11   9  10  10   8   9   9   6  10   9   6  11  12  12  11
  10   9  12  12   8  11
  51   7   9  10   8   6   7   5   9   7   9   5   8   5   5   6   6  10  10   6
   6   8  10   9   7   9
  89  16  14  11  16  13  10  18   9  13  13  15  17  17  15  18  10  16  16   9
  10  12  13  14  17  15
  82  16  11  14   8  13  17  16   9  10   9  13  17  12  11   9  11  15  14   9
  16  17  14   9  12  14
  84  11   9  14  12  10  17  11   8  15  15  12   9  10  13  10   8  17  15  16
  11  10  17  15  17  17
  69  14   9  11   8   8  11  12  14  10  11   8   7   8   9  13  10   8  11  11
  12   9  12  11  13  10
  71   9   9   9  12  15   7  11  11   8  13   9   8  12  11  11  14   7   8  13
  10   9  10   9   9   8
  88  14  18  13  13   8  11  12  17   9  16  18  17  11  12  14   8  14  10  13
  14  15  14  14  10  17
  73  14   7  14   9   9  14  10  12  13  12  14  11   9   7  13  11  10   7  12
  11  10  12   8  11  10
  50   7   8  10   7   9   7  10   7  10   6   9   8   5  10   7  10   8   6   7
   8   9   6   8   8   7
  68   9  13  12   9  11  10  11   9  10  12   7   8  13  13   7  12  10  12   7
  11  12  10  10  12  10
  89  11  14  10  10   9  10  13   9  15  15  12   9  14  17  13  11  11  16  13
  16  17  13  15  18  14
  68  12  12  10  11  11  13  11   7  13   8  11  13  11  11   8   9  13   7  13
   9  12   8  12  13  13
  90  12  18  11  14  12  11  10  16  11  11  12  12  11  13  17  15  15  12  17
  17  11  13   9  17  12
  67   8   9  11   7   7   7  12  12   9  11   9   8  10  14  10  13  13  12  13
   6   9  11  11   9  14
  93  11  12  13  18  14  12  10  18  14   9  12  17  18  18   9   9  18  12  11
  11   9  17  13  14  16
  74  10  15   8  11   9   9  14  13  13   7  14   9   8  10   9  10  14  15  10
   9  15   8   7  15   8
  95  12  11  10  11  10  16  13  18  15  19  14  16  15  16  12  13  10  19  14
  17  14  16  17  11  19
  83  17  17   9  13  10   9  11   8  17  14  13  12  14  16  16   9  16  12   8
  15   9  13  12  13   8
  86  13  15  13  11  11  13  12  17  10  18  17  14  18  14  12  15  13  11  16
  17  12  10  13  13  17
  63   8   9   7   8  11  13  13   7  13   6   6  10   6  13  10  12  11  10   8
  11  10   9  13  13   7
  72  13  11  13  10  10  10  13   8   9  15  10   8  11   8   9  14   7  11  12
  11  14   8  11  15  10
  76  15  10   8  14   9   8  14   9  15   8   9   7  14   9  10   8  11   8  13
  10  14  15  11  13  13
  56   8   9   8  10  10  12   8   6   7  10  11   8   5   7   8   7  11   8   6
   9   7   8   5   8   5
  68   8  10   9  13   9   9   7  12   8   8  13   9  12   7  11  10  10   9   8
   9   8   8   6  13  13
  67   8  11   6   8   7  12   7  14  13   8   8  12  10   8   9  13  13   9   8
  12   9   6   8   7  13
  81   9  13  10  14  13  10  12  13  14  10  14  11  16  10  12  16   8  10   9
  14   9  17  11  12  17
  98  13  20  13  10  18  17  11  20  16  17  17  15  15  15  15  15  17  13  10
  17  11  11  17  14  10
  60   6   7   9   6  10  12   6   9  11  11  10   8   7  10   9  12   6   7   8
  12   7  11   9  10   9
  55   6   7   5   6   8  11  11  11   9  11   6   9   7  11  11  11   8   9  11
  10   9  10  10   9   6
  91  10  10  10  17  12  15  14  14  18  12  16  12  18   9  14  10  14   9  11
  11  16  11  14  11  17
  51   8   7   6   8   9   9   9   6   8   8   5   9   5   6   9   9   8   7   5
   6   8  10   7   7  11
  78   8  13  13   9  14  16   9  10  11  14  16  15   9  11   8  10  11   9   8
   9  14   8  14  15  15
  75   9  11  15  14  14   9   9  13   9  11   9  11  15   8  14  10  10  14   8
  12  10   9  13  10  15
  84   8  12  15  17  10  10  16  14  11   8  16  14   8  14  13  14   9  16  16
  17  14  10  12  11  16
  55   9   7   7   9   6   8  11  11   5   5  10   6   5  10   8  10  11   6   9
   7   7  11   8   8   9
  62  13   8   6   7  11  12  10   7  12  12  10   8  12  10  11   6  13  11   8
  12   6  12   7   9  10
  96  11  16   9  18  10   9  13  19  17  11  18  16   9  17  15  17  10  10  10
  13  12  20  17  15  14
  70  11   7  13  10  14  13  12   9  10  12  10  10  10   7   8  14  14  14  13
   7  12   7  13  12  10
  59   8  10  10  10   7  12   8   6  12   9  11   9   7  10  11  11  10   9  10
  10   8   7   6  12  10
  88  14  18  14  14  11  15  10  14  16  17  15  12   9  15  13  12  12  12   9
  14  10  13   9  17  10
  95  17  10  16  15  17  15  14  15  15  19  19  16  15  16  12  10  14  11   9
  17   9  11  11  18  16
  62   6   8   7   6   8   7   8   6   9   6   6  10   9   9  12   9   7   6  12
  10   7  11  11  11  12
  93  18  14   9  15   9  18  18   9  12  11  19  10  16  16  14  14  13  10  10
  13  15  12  12  16  15
  73  12   8   9  14  11   9  12  14  12   7   9  11   7  12  11  15  15   8  13
  12   7  13  12  11  15
    568    563    551    570    554    589    590    584    586    582
    592    582    570    568    559    559    584    557    550    573
    545    571    570    586    608
