MK100.09.D
 100  25
  60   7  10  10  11   8   7  11   9  10   7  12   8   6   8  11   8   8  12  11
  11   9   8   8   7   8
  92  12  13  11  12  17  12  14  11  16  11  16  11  12  13  10  17  10  19  16
   9   9  11   9  13  15
  64   7   7  11  11   9  13   9  10  12   8   9  11  11  12   6   8  13  10  11
   7   8   7  13  10   8
  64   7  11   8   8  10  13  10  10  10   9   8  10  10   7   8   9   7   7  12
   9  13  10   7  12   7
  86  14   9  15  17  12  15   9  17  17  11  18   8  17  10  15  11  13  12  14
  13  11  11  16  12  15
  79   8   9  11  10  11  12   8  15  11  13  16  15  15  11  14   8  11   9  12
  14   8  12  12  13   9
  92  19  11  10  12   9  19  13   9  15  11  18  14  17  16  13  15  10  13  16
  19  18  17  17   9  11
  87  12  17  14  14  15  10  17  10  14  14  12   8  11  13  14  15  13  12   9
  11  16  13  10  15  10
  85  10  17  13   8   9   9  12  15   8  14  11   9  14  13   9  12  11  14  10
  14  14  12  10  12   9
  73  12  15  13  10  14  11  14  14   7  12  12   8  15  12  11  13   8  15  12
  12   9   7  11   9   9
  57   5   9  10  10   7   8   6   7   5   9  10  12   9   5   9   8   6   8  12
  10   7   9  11  11   8
  71  10  14   8   9  12  14  13  12   7  11  11  14  13  13   8   9  11  12   9
  11  11  11   7  13   9
  53   8   5   6  11   9   8   7   8   8   5   5   8  10   9   6  10  10  10   9
  11   7  10   6   9   6
  72   8  12   9  11  12  12  10   9  14   8  10  11  11  10  15   7  10  14  13
  14   7   9   7   9   9
  94  10  16  16  16  14  10  11  18  17  17  15  17  10  15  16  18  18  18  12
  15  12  19   9  15  19
  63  10   6   7  11  13  10  10   9  13  11  13   6  13   8  10  11   8   7   6
  10  11   8  10  12   8
  97  19  19  14  16  11  15  11  13  11  12  14  18  10  19  10  13  19  15  14
  13  12  17  11  17   9
  97  19  15  16  10  12  16  20  17  12  12  16  10  17  18  11  12  15  14  17
  20  14   9  13  17  16
  66  10   9  12   9  13  10   7  12  12   8   8  12  10   7   7   9  10   8  12
  14  12  14   9   8   9
  55   9  10  10   5   8   5   6  11   6  10   7  10  10   8   5   8  10  11  10
   7  10   9  10   7   6
  57   8  11   7   8  10  11  11   6   8   9  11   5  10  11   6  10   7   5   9
  10  12   8  10   9  11
  76  14  15  12  13   9   9  16  12  11  12  14   8  10   7   8  11  10   7  15
  12   9  11  14   9   9
  59  10   7   6   7   7  10   8   5  11   9  11   9  10   6  11   7   7   8  11
  11  11   6   9   8   7
  62  13  11   7   7  12   6  10  12   8  10  11  11   7   7   8  11  12   7   9
  13  11   7  12  12   6
  64   6  13   7  11   6  11   9   6  10   7  13  11  10   8  13  12   6   7   8
   7   9  12  10   8  10
  76   9   9  11   9  12  10   9  12  15   7   8  10  15   9  10  14   9  12  11
  10  11  10  13  15  10
  76   9   8  11  10  14   8  13   9  12  12  14  10  10  14  12  10   9  14  15
  12  15  11   9   8   8
  60  12  11   8   6  10   9  10  11  10  12   7  12   9  12  12  10   8   9  12
  10   6   6   6  11  10
  52  11   9   6   7   7   8   9   9  10   8   7   9  10   9   5   7   8   7   5
   9   8  10   8   9  11
  66   8   8   7  13  10   9   9   9   6   8   7  13   6   9   9  11   6  11   6
  13   7   9  12   9  12
  77  12  10  14  13  11  14  13  12  11  12  14  10  12   8  11   9  16  14  14
  11  12  12  11  13   7
  82  13  16  16   8  10   9  14  13  10  17   9  17   8   9  10  15  10  16  12
  12  15  12  14  14   9
  77  13  12  15  13  12  10  15   8   7   9   9  13  12  16   8   9  11  16  11
  13  12  11  13  14  12
  53  10   7   6   7   8   6  11   9  11   8  11   8  10   8   6   6   7   6   7
   8   8  11   6   9  10
  79   8  12  12  16  12  15  14  15   9  13   8  13   9  15  11  11  16  14  12
  13  14  16   9  11  11
  53   8   8   6   6  11  10  11   9   8  10   9   7   5  10   7   8   9   9   6
  11   9   7   9   5  10
  98  19  19  17  16  18  13  19  13  17  17  15  15  15  18  17  11  19  19  13
  13  12  18  15  16  15
  69  14   8  14  12   7   9   7  10  11  11  14   9  10   9  12  11  12   7  14
  10   8  11   7  14   8
  72  13   8   8  15  11  14  15  15  12  10  12  10  12  12  12  11  13  11  12
  12  10  10  10  11  13
  70   7  13  12  11  14   8   7   7   8   9   8  11  13   8   9  14  10  13  12
  13   8   9  12  13  14
  74  11   9  13  13   7  14  10   9   8  14   8   9   7   9  13  15  12  11  14
  15  12   8  15  13  11
  85  17  10  17  17  12  13  12  12  16  12  12  12  10  14  17  15  16  10  15
  11  11  11   8  12  12
  69  14  12  11   8   7  10  11   9  14  13   9   9  11  12  14  14  14  11  12
   7   7   9   7  12  13
  91  17  10  17   9  12  14  10  16  16  10  15  16  18  11  18  12   9  11  15
  16   9  18  14  18  14
  55   8   9  11   7   7   7   8   9   6   8   8   8   7  10   5  10   7  11  11
  11   9   9   6   8   7
  67   9  11   9   8   7  13   9  12   9  12   9   8  11  11  10   6  11  13  12
  10  12   6  14   8   9
  77  14  14  11   8  13  13  15   9  13  14  10  12  11  13   9  10  10  10  11
   9   9  15  15   7  12
  96   9  11  20  14  20  20  11  11  11  17  17  18   9  12  14  13  13  13  11
  10  16  13  10  13  18
  71  13   9  10  12   7  11  12   7   8  13   7   8   9   7  10  13  10  12  12
  11   7  15  11   8  10
  91  14  13  11  18  16  14  14  17  16  12  19  15  15  11  15  12  13  17  10
  13  10  14  16  17  11
  93  11  16  11  14  17  15  10  12  10  14  19  10  18  11  17  19  16  15  11
  19   9  19   9  12  11
  68  12  11   9  12  12  13   9  12  11   6   7   7  12  13  11  13   9   9  14
  12   7  14  11  14  13
  53   8   7  10   8   7   7   6   7   7   8   9  11   5   8  10   8   9  10   9
  11   8  10   5  10   6
  56   8   7   8  10   5   8   6  11  10   6  10   6  11   8   6   7   8   6   8
   7  10   7   6   5   8
  54  11   6   5   7   9  10   9  11  11   6  10  11  11   5   6   5  11   9   7
   7   8   8   9   9   7
  87  17  16  17  15  12  16  14  16   9  13  14  17   9  13  10  12  17  11  17
  17  17  11   8  16   9
  70  10   7   7  14   7  13  14   8  10  12  14   8   7  13   9  13   8   9  11
  10  12  11  14  12   8
  86  18  17  14  14  15  13  10   9   9  15  12  12   9  15  17   9  12  10  11
  12  16   8  14  17  16
  60   6  10  10  10  10   7   9  11  11   7   7   9  11   6  10   8   6   6   7
   6  11  10  11   7  10
  95  16  12  15  15  17  12  19  18  11  14  12  18  17  14  10  13  16  14  19
  11  16  11  15  17  12
  81   8  11  16  17  13  12  10  11  12  16  10  10  13  11  14   9  11   8  15
  14  12   9  15   9  14
  55   5   9   5  11   5   9   8  10   5   7   7   5  10   5  11   6   9  10   6
  11   6  11   8   6  11
  93  15  19  10  15  11  10  11   9  12  12   9  10  15  11  15  11  17   9  12
  13  12  11  13  14  17
  93   9  13  15  12  11  11  14  16  14  18  15  14  15  14  15  18  13  10  11
  18  18  11  10  14  11
  57   7   9  11   9  11  10  10   5   6  11   6   7   7   7   8  10   9   8  10
   9  11  10   7   8  10
  62   7   9   6   8  10  10   6   7   7  11   7   8  13   9   7  12  10   6   8
   9   6   8   9   7   8
  98  17  18  14  19  10  13  13  15  20  18   9  19  12  18  20  18  17  10  15
  15  20  12  11  20  11
  73   9  12  11  14  13   8   9  12  13  15  13  13  10   7   8   9   7  13  10
   8  14   9  13  14  10
  95  19  19  12  15  11  17  17  15  15  12  11  16  18  13  13  16  12  13  13
  10  11  11  10  15  18
  77  10  14   8  16  12   8  13   9  14  10  14   9  12   9  14  11  11   8  12
  13   7  11   7  13   9
  76  10   9  10   7   7  10  13   8  12  12  11   8  10  13  10  11  14  16  11
  14  11   9   8   8   9
  57  10  10   8   5   9   5  11   9  10  11   8   5  10  10  10  11   6   8   5
  11  12   7   8   6  10
  98  16  16   9  12  10  19  16  17  20  17  14  16  11  20  13  11  13  19  17
  13  13   9  14  12  18
  55   8   8   8   6   8   6   5  11   8   7   8  10   6   9   9  10   5   7   9
  11   8   8   7   6   8
  68  11  14  10  12   9  14   9  13   7  11   7  11  14   8   7   7   9  12  13
  12  14  14   7  10  10
  53   6  11   5   9   6   6   6   8   5   9  10   6   8   6   7  11   8   9   7
  11   6  11  10   5   8
  63  10   6   6   7   9  13   9   7  11   8  10   7   6   7  10   7   9  12  10
  10  12  11  12   6   7
  83  15  15  15  14   9  10  14  14  14   9  11   8  12  12  14  12  12  15  13
  13  17   9  12   9   9
  79  10  12  13  11  10  14  15  15  10  13  11  11   8  10  13   8  13  16  16
  11  16   8  16  16  10
  98  17  15  18  15  15  10  12  18  14  10  17  12  17  18  11  15  15  10  11
  20  20  13  17  15  11
  77  11  14  11  12  16   7  10  16  11  12   8   8   8  11   8  11   7  15  13
  14  15  15  14  14   9
  92  16  12  17  13  10  10  15  19  14  11  15  13  18  15  19  11  14  14  16
  16   9   9  18  19  19
  60  12  11  12  11   6   6   6   6   8  11  11   8  10   8   6  12  12  10   7
   6   6  10  12   8  10
  88  12   9  14  18  17  17   9  16  14  15  17  11   9   9   8  16   9  15   9
  14  16  14  12  12  16
  55   5  11   9   6   6   8   7   5   9   7   5   5   9  11   6  10   9   8   6
  11  11   7   9   9   8
  71   9  10   8  13  12  13   7   9  13   8  13  10  15  14   7  11   9  12  10
   7  13   8   7   7  13
  61   9   9  10  11  12   7   8   9  10   6  12  13   7   7   8   9  10  12  10
  12   7  11   9  10  12
  69   9  11  13  12  10  11  10  13  12  10   9   7   7   9  11  13   9  11  12
  14  13  10  13  11  11
  55   7  10   6   6   7  11   7   7  10   7   7  11   7   5   7   8   9  10  10
  10   7   7   5   6   9
  87  13  17  10  16  15  16  15  12  16  18  13  14  13  13  15  14   8  11  14
  17  18  17  17  17   9
  93  11  18  12  17  12  11  13  12  13  11  14  12  19  11  13  11  11  11  13
  13  11  14  15  11  14
  71  10   8  12  13   9  13  12   8  14   7  15  11  10   8   7   9  13  14  12
  13   9   7  14  13  13
  76  12  11  12  15  14  13  14  13   8  11  10  11  15   7   9   8  12  10   8
   9   8  15  13  15   7
  64   6   9  12  13   9  10  12   9   9   9   7  10   8   7  10   6  10   8   9
   9   8  11  10  11  13
 100  10  15  13  17  15  20  19  18  14  19  17  10  13  19  14  10  11  14  12
  18  16  15  17  18  18
  84  10  17  16  11   8  12  13  11  17  11  10  16  14  16  14  13  12  11  16
  15  10  17   9  16  13
  68   9  14   8   6   8  13  12  12  13   7  13  13   8  13  12   8  12  11  14
  14  11  10  14  11   8
  99  14  16  20  17  10  16  10  20  12   9  19  15  11  13  18  10  11  11  20
  18  18  15  13  16  12
  59  12  10  10  10   7   7   7  11   8  11   6  10   6  11   8   7   8   7  10
   9   8   9   8  10   6
  84  15  11   8  14  16   9  13   9  13  13  11  14  15  16  10  13   8   8  16
  12  12   8   9   9  11
    553    579    552    573    536    558    553    564    556    549
    560    541    555    544    537    544    538    556    574    594
    556    544    542    569    535
