MK200.10.D
 200  25
  81  10  10   8  11   9  14   8  10  13  16  14  15  15  11  12  12  15  10  13
  14  12  11  10  13  14
  62   6  11   7   9  13  11  10   9   8  11  11   8   7  10   9   6  13   8  12
  11   8  11   7   7   8
  70  10   8  12  12   7  11  14  12  10  14  10  12  10  11  14  12  14   7  10
  10  11  14   8   9   9
  81  15  10  11  12  14  15   8  10  12  10  15  16   8  15  10  16   9  16   9
  14   9  16  13  10  16
  54   7  10   6   6   7   6   9  10  11  10  10   5  10   9  10   6  11  11  10
  10  10   7   7   9   9
  87  13   9  18  10  15  13  13  12  14   9  15  13  10  15  12  12  18  13  12
  12  14  15  18  14   9
  91  18  14  17   9  16  10  11  14  17  13  11  18  18  19  16   9  11  16  18
  14  18  15  18  17   9
  75  13  13  14   9  12  14   7   7  13  10  13  13   7   9  15  15  14  14   8
   8  11  15  11  10  11
  55  10   9   6   7   6   7  11  10  11   6   7   8  10  10   6  10   5   6   6
  10  10   8   7   6   9
  84  10  13  10   9  13   8  17  16  16  17  10  13  14  13  14  16  11  11  11
  11   9  13  11  16   9
  63  12  13   7  13  11  12   7   9  13   7  12   8  10  12  13   7  12   9   7
   9  11  10  13  12  10
  53   8   8   5   8   5   8   9   7   6   6   7   9   9   9  10   7   7   7   6
   6   5  10  11   9  10
  68   8  11  12  10  14  11  10   8   9   8  13   9  13  14  10  13  10   9   8
   9   7   9   8  14  11
  53   9  11  11   7  10   7   7   7   6  11   8   8   7   9   7  11   7  10  10
  11   7   9  10   8   6
  52  10   7  10   9   9   5   5   8   9   9   5   6   5   9   9   7  10   6  10
   7   5   8   5  11   6
  91  14  14  13  14  14  14  14  14  15  18   9  16  13  11  19  19  16  13  18
  17  18  13  16  16  16
  57   7   7   6   6   9   9  11   5  10  10   6   5   8   8   8   9   8  10   5
   6   9   9   6   6   8
  90   9  15  18   9  12  12  11  14  15  14   9  11  17   9  10  16  10  13  10
  13   9  12  15  15  18
  58   9  10  12  10   7   6  10  10   8   7  12   9  11  10   8   6   8  10   6
   5  12   8   6  12   6
  87  11  16   9  10  16  17  14  12  15  15  15  16  12  16  18  12   9  17  14
  11  15  17  14  13   9
  91  15  10  16  10  13  12  16  14   9  17  17  17  16  10  16  11  13  17  18
  10  13   9  17  11  12
  88  15  14   9  17   9  10  16  11  13  10   9  11  16  12  17  10  11  18  16
  17  12  15  17   9  12
  77  11   9  16  12  14  11  11  11   9  13  12  12   7   8  13  13  12  11  13
  15  15   9  15  14  14
  51   7  10   8   9  10   5   6   6   5  10   5   7   9   7  10   9   5   8   9
   6   5   5   9   8   8
  89  16  12  17  15  13  13  11  17  12  11  12  11   9  10  17  14  16  16  10
  13  10  18  16  11  16
  56   8  11   6  10   8  12  11  10  11  11  10   9   9   5   7   9   6  10  11
   6  11   7   6   9  12
  66   8  13   9   8   8  11   6   8  10   9  12  10   9   9  13  11   7   6  13
  13  10   6  11  13   8
  64  13  10  12   8   9  10   9  13  11   7  13   9   7   9  13  10   6   6  11
  10   9   8   9  11  12
  78  15  13   8  13   9  11  12  13  12  13  13  15  11  10  11   8  14  14  12
  11  13  12  12  12  16
  94  15  16  15  18   9  11  10  16  19  11  15  18  13  12  18  18  12  13  13
  19  18  10  19  18   9
  92  15  17   9  15  11  13  14  18  14  15  13  14  17  18  14  18  10  16  15
  16   9  11  18  15  12
  59  10   8  11  11   7  10   6   8   9   7  12   7  10   9   6  10   9   8   7
   7  11   6   6   8   6
  66   8  13   9   9  11  10  12   9   9  12  13  13  10  10   8  13   6  12  13
   9   7  11   9   7  13
  79   8  16  15   8   8   9   9   9  13  14  15  15   9  16  10  10  11  10  15
  16  10  14  10  15  12
  53   7   7   6   6  10   9  10   7   8   8  11   6   8   8   6   7   5  10   8
  10   6   7   8   7  10
  94  10  17  10  10  11  16  10  12  18  17  18  16  18  11  12  14  15  15  16
  12  13  15  15  19  16
  99  11  10  10  13  15  17  15   9  10  18  12  16  17  20  20  15  13  20  12
  11  16  13  15  16  16
  68   7  12   7  12  11  11  11  12  12   9   8  12   8   7  14  11  10   7   9
  14  10  11  14   7   9
  84  14  17  16  13  15  13  17   8  10  12  11  16  10  13  15  11  14  10  12
  13   9   8  10  14  14
  71  11   8  10   7  12  12  12   7   7  12  13  11   8  14  11  11  11  11  13
  12  10   7   9  10   8
  79  13  11   7   9  10   8  14   9  15  10   8  11  13   8  16  11  10  16  16
  10  15  13  13  15  12
  87  11  10  13  17  17  17  16  12   9  17  14  13  16   9  15  18   9  11  13
  14  13  12  12  16  12
  80  11  12  14  16  10  15  10   9   8  10   8  16  16  15  16   8  10  10   8
  16  11  15  11  16  12
  82  14  13  16  14  14   8  13   8  16  13  12  12  17  16  14  14  12   9  13
   8  14   8   9  15  17
  81  12   8  16  14  10  14  16  13  11   9  13   8  16  14  15   8  11  14  10
  14  11   9  10  16   8
  57  10  10  11   7   9   8  10   6   6   7   5  10  10  10   9   9   6   7   8
  11  11   9  10  10   9
  73   8  11  13   9   9  11  14   9   9  12  10  10   9   8   8  10  13  13  13
  13   8  10  14   9  14
  52   7   6  10   5  11   9   9   7  11   6   7   9  10   9   9   5   7   9   6
   7   9   6   5   6   9
  91  18  10  10  19   9  11  17  12  12  12  11  19  12  11  11  14  17  14  18
  13  10  17   9  11  15
  90  16  13  10  13  10  17  17  16  17  14  10  11  11  12  10  14  12  15  14
  12  17  18  17  17  11
  66  11   7  12   9   6  12  13   7  12   7   7   7   8  11  10  13  13  13  12
   8  11  11  14   8   9
  65   9   9  11  10   9   8   6   6   7   9   7  13  11  13  12  10  11   7   9
   9   9   7   7  11  12
  50   6   8   9   9   8   9   5  10   5   6   9   5   7   9   9   7   6   7   8
   8   5   9   5   6   6
  75  15  13   8  11  12   8  14  12  10   9  11  11  13   9  15   7   8  13   8
  11  14  13   8  10   8
  88  14  11  13  15  13   8   9  17  17  16  16  15  15  14   9  14  11  11   8
   9  12  16  13  16  10
  90  13  14  18  12  13  16  17  10  16   9  13  12  14  16  13  15  14  15   9
  14  13  10  10  12  12
  60   9  11  10   9  10   8   6   8   6   7  12  10  12  11  12  11  12   7  10
   6   8  11   8   8  12
  88  17   9  13  13  17   9   9  11  17  10  15  18  18  16  13  13  16  17  10
  13  10   9   9   8  12
  79   8  14  15   9   8  13  14  13  11  14   9  11  15  10  15  10  13  13   9
  12   9  15   9  10  16
 100  19  20  12  10  19  11  16  16  19  16  17  18  18  11  16  18  17  10  12
  12  12  14  13  20  12
  70  13  13  12   9  13  11  10  14   8  14  10   7   9   7   9  10   8  13   8
  14   7  11   9  14  13
  64   7   9  13  12  11  13  13  11   8  11   9   7  12  12   8   7   8   8  13
   8   7   9  11  12   8
  62  12  10   7   8  11   8   7  11   6   9  12  11   9  12   7  11   6  11   9
   9  10   9  12   6  13
  64   8  13   7   7  13  11   7  12  11  11   6   7   8  11  10  10   8  10  10
   6  11  13   9  10   8
  57  10  10   9  10   6   7   8   9   9   7   9   6   8   6   6   9   6  10  11
   6   7   8   6   6   5
  74  15  13   9  13  10  10  14   7  10  10   9   9  14  13   8   9   7  13  13
   9  15  12  10  15  12
  51   8   9   6  11   6  10  10   7   7  10   6  10   9   8   5   7   9   5   5
  10  10   7   8   9   5
  74  15  14  10  11  12  15  15  14   9  13   8  10  10  15  12  11   8   8  15
  13  15   9  10   8  12
  56   6   9  10   6  11   7   6   8  10   5   8  12   7   8   7   8   9   6   8
   7   7   9  10   5   8
  62  13  12   7   8  12  10  10   7   7  12   6   7   8   9   9  10  13   8   9
  10  10   7   7  12  12
  54   5  11  10   6  10   6   7  11  11   8   5   6   7  11   6  11   9   9   6
   9   8   6  11   7   8
  53   8  10   7   7  10  10   7   8   8   9   5   9   8   7  10  10   6   9   9
   8   7  11   6   8  10
  71  13   7   8  10   7  11   8  14  11  13  13   9  13   8  14   7  10  14   9
  12   7  14  14  11  13
  54   8  11   7  10  10  11  11  10   8   8   8   5   9  10   6   5  11  11   8
   8   6  11   6  10  10
  72  14  13  13  12   9   9  12  12   8  13  10  12   8  10  12  13   8   7   7
   7   8  10   8  11  11
  92  12  19  19  12  19  15   9  15  18  15  13   9  15  14  14  17   9  14  18
  10  15  15  17  15  15
  52   7   7   7   7   7   9   9   6   9  10   8   7   7   5   5   5  11   6  11
   5   5   8   5   7   6
  86  16  17   8  12  14  12  13  12  11  16  17  11   9  14   9  16  17  15  16
   9  13  11  17  15  10
  65   7  12   8   8  10  13   7  11  10  12   8   6   7  11   8  10  10   7   7
  13   8  11   8   9  11
  75  14  15  14  14  10  15   9  11   7  14  10  15  15   9  12  14  15  13   8
  13  10   8  13   8  15
  98  15  14  17  17  17  20  17  18  10  16  15  13  12  13  17  19  12  11  12
  13  11  16   9  14  15
  50   6   9   9  10   6   8   5   9   9   5   7   7   5   5  10   5   9   5   9
  10   5   5   7  10   6
  81  12  11  14   9  15   8  10  10  15  15  11  12  13  12  14  12   9  10  17
   9  16   9  15  10  16
  67   7  14  14   8  13   7   7  14  11   7   9  11   7   7  11   7  10  10   8
   9   8  10   7   8  11
  78  15  13  14  12  11  14  16  14  11  13   9  10  14   9  13  14  15   8   9
   8  11  14  12  16  11
  78  11   9   8   8   7   8  14  15  10  11  14  11  14  12  16  10  15  15  11
  15  11  10  10  15  12
  82   9  14  12  11  13  11   8  10   8  11  15  15  13  15  12  16  10  11  11
  17  10  11  13  14  15
  94  12  13  16  16  12  11  18  14  16  12  17  18  16  10  14  14  10  13  14
  16  15  11   9  12  15
  58   7   8   8  10  12   8   9   8  12  10   8   8  11   9   9   8   6   5   6
   7   6   6  11  11   9
  66   8   8  13   9   7   8   8  13   7   9  13   8   7  12   6  13   9   7   8
  10   9  13  10  10   8
  77  14  15   7  13  10  14  12  12  13  10   9  15   9   9  13  11  13  10  11
  15  16  15  15  14  13
  93  14  19  17  12  15  14  11  15  13  13  12  11  18  19   9  18  11  15  10
  15  12  10  15   9  17
  74   8  11  13   8  13  15  13  12  12   9  13  13   8   9  11  11   9  12  11
  12  12  12  11   9  10
  81   8   8   9   8  13  16  15   9  11  10  10  14   9  13   8  15  12  16  15
  11   9  11   9  14   8
  64  11   7   7   9  10  12   7  11   6   8  12  11  13  13   7   8  10  12  11
  10   8   8  10  10   6
  67  11  12  12  12  14  13  13   7   7   6  11  13   9  11  10  12   9  10  11
  13  11  11  13  13  13
  78  12  16   9   9   9  13  11   9   9   8  11   7   8  15  12   8  14   8   9
   9  11  11  11  11  15
  51   9   7   9   8   6   6   6   7   7   6   5   6   8   8   9   7   7   6   6
   7  10   5   9  11   8
  58  10   7  11   6  12   8   8   9   9   9   8   9   9   8  12  12  11   9   8
  10   8  12   8  11  11
  51   6   7   9   8   8   6   9   5   7  10   8   5   7   7   7  10  10  10  10
  11  10   7   9   5   9
  72   7  13   7  15  10  13  14  11   7  10  10  14   7  15  13   9   8  13  14
  11   8   9  10  13  14
  76   7   8  12  12  10   8  10  13  11  11  11   7  13  12  15  13  13  15  14
  10  11  14  14  13  12
  99  18  11  19  12  16  11  10  14  19  11  18  14  17  11  20  17  11  10  12
  10  17  14  10  16  13
  80  10  11   9  15   9  15  11  11   8  12  15  12   8   8   9  14  12   9  15
  12  14   8  12   8  12
  81  11   8  16  15   8  16  16  12  13   9  12  10  15  10  12   9   9  17  13
   8  11  15   8  10   9
  66   8  10  10  10  11   7  14   9  11   8  11  12   8  10   8  10   8   7  11
   8   6   9   8  12  11
  82  11  14  11  15  17  16  17  11  14  16  15  12  15   9  16  13   8  13  13
   8   8  12  16  14  12
  67   7  13  13   7  10   7  10  12   9  14   8   9   6   7  12   6   9   6  11
   9  11  11  12  14  11
  59  10   8   9   8   6  12  11   6   8  12  10   7  11   8   8   7  10  11   9
  11   9   6   8   9  11
  67  10  13  11  13  12   8  11   7   7  11   9  10  13   9  14   8   8   9  13
   9  14  12  12   7   9
  58  10  10   8  11  10   6   6   7  11  10   6   8   7   7  10   6  10  11   8
  12  11   9   7   6  11
  65   7  13   8  10  12  12   6  10   9  11  11   9  13  10   7  11  10   9   9
  13  10  13  12   8   7
  91  12  16  15  17  18  19  10  16  11   9  10  11  15  13  18  12  15  12  15
  13  17  17  18  13  11
  58   7   7  10  10   8  10  12   7  10   7  11   6   6   9   7   5  12  10   8
   6   8  11   9   5   9
  95  19  11  19  17  17  18  12  16  12   9  19  14  17  13  11  14  19  15  10
  12  18  13  13  11  10
  59  10  10  12  10  10   8   9  11   6   9   7  11  11   7   9   7   9  11  11
   6   9   6  10   6  12
  93  11  15  12  14  12  16  18  15  16  16   9  19  14  17  16  10  13  16  17
  11  17  14  16  14  18
  94  15  16  12  10  13  14  14  14  15  13  17  16  18  15  15  14  15  13  19
  14  19  17  16  11  16
  73  14  13   8  15  15  12  11  11   7  12  10   9  14   8   8  11  14  15   8
  13  11  13   7  10   8
  65   8   7  13   9  13  13  11  12   9   8   7  11  12  10   7   8   7  10  10
  10  13  13   8  12  12
  77  10  13   8  11   9  11  15  11  10  13   8  14  12  11  14  15   8   9  16
  11  13  10  14   8   7
  55   9   6   9   8   7   9   9   7   9   6   9  11   8   8  11   8   9   8  11
   7  11   6  11   9  10
  78   8  11  16  14  11  15   9  10   8  13  15   7  14   9  13  16  12  15  12
  11  13  11  15   9  12
  60   8   7  10  11   6   7   7  11   6   6  11  10   8   8  11   9  10  10   6
   7   8   9  10   7   7
  86  14  12   9  10  10  14   9  13  16  12  12   9   9  15   9  16  10  11  18
  15  13  15  18  14  16
  61  10   7  10  11  10   7   8  12   8   7  11   9  10   7   8   6   7  12   9
  10  11   8   7   8   6
  93  14  10   9  12  15  12  19  19  13  14   9  12   9  10  11   9   9  19  11
  12  13  15  16  11  15
  86  13   9  12   9  12  10  14   9  10  11  14  16  13  10   9  12  15  14   9
  11  14  10  16  13  11
  64  11  10  10   8  13  10  12   7   8  12   6   6  13  13  13  13   7   6  12
  11   9   9   7   7  13
  99  17  14  20  15  20  15  14  10  12  15  17  19  20  14  12  17  14  10  12
  11  20  17  16  17  11
  60   6  11   9   9   7  10   8  10  10   8   8  10   7  12  10   9   7   6   8
   8  11   9  12  12  12
  55   9  11  11  11   5   6   6   9   7   9   6   9   8  10   5   6   6   7   5
   6   8   7   7   7   7
  85  14  12  16  16  14  17  14  12  13  12  14  13  14  14  11  11   8  10  14
  10  10  16  10   9  10
  95  12  18  10  16  14  17  16  14  10   9  17  10  13  18  17  14  15  15  10
  13  10  13   9  14   9
 100  15  20  17  17  15  19  14  10  14  14  19  18  14  19  17  14  17  14  14
  16  18  13  19  15  20
  92  12  17  13  18  11  18  10  14  16  13  10  14  11  13  14  10   9   9  12
  18  12  17   9   9  16
  90  17  16  18  16  18  14  12  11  10  11  13  12   9   9  11  18  10   9   9
  11  17  13  11   9  15
  96  19  12  15  10  11  16  13  13  14  10  13  18  11  10  17  12  12  11  11
  19  14  15  10  14   9
  91  11  12  17  14   9  12  15  17  18  16  17  16  15  13  13  12  14   9   9
  18  14  10  13  18  10
  86  10  12   9  13   9  13  10  11  11  12  17  14  17  17  15  17   9  17  12
  10  15  10  16  17  13
  66   7   9   8   8  11   9  10   9   9   7   9   7   9   7  11  13  12   7  10
   6  10  10  14  12   6
  99  16  14  10  14  20  14  19  12  20  17  18  19  18  13  19  13  18  17  11
  14  18  19  12  17  12
  97  19  11  19   9  17  11  14  19  11  15  16  14  20  16  11   9  17  18  19
  16  16  19  11  10  10
  83  10  10  10  17  13  13  15  15  11  15  15  15  12  16   8  12   8  12  13
  13  15   8  14   9   9
  74  13  14   8  12   7  12   8  10   9   9  15  15  11  15  13  13  15   9  10
   8  15  13  14  10   8
  50   6   5   8   8  10   8  10   8   7   9   9   5   8   8   5   7   9   8   8
   6   7  10   6   5   8
  71   8  11   8  11  12  11  13  14   9  15  13   8  11  10   8   9  14  13  13
  11  11   9   7  13  11
  85  17  14  16  15  17  15  17  16  12  13   9  15  11  12   9  11  14  13  14
  15  15  11  11  13  13
  79  14  10  14  11  10   9  15  10  12  15  12  14  11  12  11  15  14   9  12
  10  10  15  10  14  11
  81  12  14   9  14  12  15  17   9  12  15   9   9   9   9  15  12  12  11  11
  14  13  15  16  15  16
  78  10   9  16  15  11  10   9  14  16   7   7  11  16  12  15  12   7  11  12
  10  15  11  12  11   9
  95  16  14  15  10  12  10  11  15  17  19  12   9  18  18  17   9  11  12  12
  12  12  17  18  14  11
  64  11   8   7   6   9  13   9   7   7   6  13  12  10  11   9   9  11  10   8
  12  12  10   8   7  13
  87  10  18   8  14  13  17  16  13  12  10   9  15   9  10  16  12  16   8  10
  16  12  17  10  11  13
  82  14  12  11  16  12  11  12  12  15   8  14  14  16  16   9  12  11  15  15
   9  15  16  13  12  14
 100  14  19  12  16  10  10  12  14  15  11  17  11  10  10  14  15  12  16  16
  19  18  19  10  18  19
  86  16  12   9  12   8   9  12  12  10  16  16  17  16  16  16   8  13   8   9
   9  11  15  11  16  15
  51   6   9  10   5   8   8   8   9   9   7  11  10   6   6   9   7   8   8   8
   7   7   6   9   9   7
  96  12  15  16  12  17  10  16  17  11  17  14  19   9  18  13  19  19  18  17
  16  17  18  15  10  16
  55   7   8   9   9   8  10   7  10   6  10  11  10   9   6  10   9   9  11   8
   8  11  10  11   7   7
  52   5  10   7   8   7   9  10   9   7   9  10  10  11   9  10   7   9   8   8
   5  10   8   6   9   9
  78  14  11   9  15  15  10  14  14   8  14  10  13  12   8  13  14  15  16   7
  13   9  10  11   9  10
  87  14  13  16  14  14  17  17  12   9  15  15  10  17  12   8  14  17  16   8
   9  15  16  11   9  17
  99  15  18  15  18  18  20  13  15  14  17  11  15  18  12  16  17  15  10  19
  12  16  13  11  17  18
  97  16  19  15  16  17  15  16  12  19  14  20  16  15  12  11  16  15  16  10
  17  18  13  15  16  19
  86  10  11  15  11  15  17  11  11  13  12   9   9  15  14  12  12  11  17  15
  12  17  14  13  17  13
  66   7   9  10   7  12   8  11  13  12  10   9  11  13   6   7  11   8   7  14
   8  12  11  12   7   9
  82  10  10  11  15  10  16   8   8  16  11  14  12  13  14  15  14  14  13  13
   8  17  13   8   8  13
  91  11  16   9  14  17  13  18  15  14  10  11  14  15  15  18  14  12   9  12
  10  16  15   9   9  17
  81  14  10  11  10  15  14  10  12  10  15   8  13  10  15  16  12  16  17  10
  15   8  11  13  12   9
  61   7   9  12   7  12  10  12  12   6   9  11  11   9  11  11  12   6   8  12
  12   7  10   9  12  12
  73  10   8   7  13   9   8  14   9  12  12  13  11  13  12  13   9  11   8  10
  10  13   9   8  10   7
  80  14  12   8  16  10  15  14  11  12  12  14   9  13   9  10  14  12  11   8
  12  10  15   8  10  12
  57   7  11  11   8   7   9   6   7   7   5   7   8   6   8   8  10   7  11   9
   6  11   6  11  10   5
  93  11  18  12  14  18  14  14  14  15  11  18  12  14  16  19  19  11  14  15
  13  16  16  19  19  14
  56   8   8  11  10   7   7   7   6   6  11   8  10   5   9   6  10   8   8  10
   6  11   9  11  11   6
  77   9   8  11   7   8  15  13  11  10   9   8  14   7  10  15   7  10  12   9
  15   8  10  14  11   8
  68   9   7  11   9  14  12  10   7  10  12   7   9  13  14  11  13   9   8   8
  11   8  13  14  10  10
  70   9   9  14  13  11   9  11  11  10  13  11   8  14   7  13   7  14  13   8
  11  11   9   7  13  11
  80  16  11  12  11  16   9  12  12  10  16  11  10   9  10  16  13  14  15  15
  13  11   8   8   8  13
  72  14  12   9  11  10   8  10  10   8   7  14  10  12   8  12  12   7  13  13
  10   9   9   7  11   8
  92  15  19  16  14  11  10  14  11  11  12  10   9   9   9  10  15  13   9  17
  12   9  11  15  16  10
  78  15  13  13  16   9  10   8  12  11   8  11  11  10  15  15  11  11  10  10
  13   8  11  16  12  11
  96  13  18  12  15  14  15   9  17  17  19  15  11  17  12  12  20  19  11  18
  15  17  13  19  17  16
  94  12  10  15  18  11  12  17  17   9  12  11   9  13  15  12  13  10  10  13
  18  12  12  15  19  13
  90  12  11  12  15  12  18  11  12  17  15   9  14  12  16  17  13  11  16  16
  12  12  13   9  11  18
  98  15  13  10  10  17  15  17  14  15  13  19  19  15  19  19  14  10  20  13
  12  18  19  15  19  10
  66  13   6   6  13  10  11  10   6   9  10   7   7   8   9   6  12   8  10  11
  12  12   6  14   7  13
  92  15  14  11  15  18  16  11  14  11  13  12  17  15  18  18   9  12  16   9
  19  15  16  14  17  12
  51   5   9   9   7   6  11  10   8   9   6   6  11   7   9   9  10  10   5   8
  10  10   9  10   8   5
  73  11   8  11  11  11   7  12  12  10  11   9  12  14   8   8  14  10   7  14
   9  14   9   9   7  12
  74  14  13  10  13  10   8  15   8   9  14   9  10  15  12  11   9   8  10  13
   7  11  11  15  11   9
  78  11  11   8   9  12  14  16  15  11   8  14  14  14  10  14   9   8  12   8
   8  12  11  13   8  13
  54  11   9   5   7   9   7   8   7   7   6   6   6   7   8   9  11   5   8   6
   6  11   8   8   9   9
  98   9  16  16  16  12  18  15  20  12  11  11  19  15  15  10  20  16  19   9
  12  15  11  14  12  14
  99  13  10  14  14  14  10  11  11  14  11  13  18  11  19  20  19  16  14  20
  12  17  16  16  18  13
  80  14  14  15   9  12   9   9  11  14  14  16  16  15   9  15  14  14  13   8
  16   8  15  11  14  14
  59  10   8  11   9  11   7   9   7   7  12   8   8   9   7   8  10   6   9   9
   9   6  10   7   8   7
  61   8   8  11  10   7   8  11  12   9  10   8   6  13  10   8   6   8  10  10
  11   8   8  11  10   9
  56   8   8  11   9   8   7   7   9   7  10   6   5   9   8  10   7  11   9   6
   7  10  11  10  12  10
   1116   1149   1124   1122   1133   1137   1136   1109   1089   1114
   1113   1134   1147   1121   1165   1140   1088   1120   1108   1100
   1139   1132   1122   1135   1121
