MK200.08.D
 200  25
  94  16  14  17  16  14  19  13  14  13  13  14  15  10  17  11  10  13  12  16
  19  19  14  12  10  17
  89  16  15  11  18  14   9  17  12   9  18  16  18  13  12  18  10  17  18   9
  17   9  13  17  18  15
  97  15  17  19  10  20   9  11  20  19  15  17  14  14  19  13  15  14  15  15
  12  16  18  11  17  12
  83   9  14  16  12  10  10  10   9  16  15  17   8  12   9   8  14  15  11  17
  15  17   8   9  12  11
  98  20  10   9  19  15  14  10  12  14  18  14  14  17  18  18  15  19  19  18
  15  14  11  20  16  12
  54  10   6   8   6   7  10  10   7  10   7   7  11   5   6   6   9  10   8  10
   8   6   9   6   8  10
  89   9  15  18   9  13  14  12  16  16  10   9  10  10  18  10  15  12  12  17
   8  17  16  18  17   9
  85  12  16  10  16  11  16  14  16  10  16  10  14   8   9  14  17  10   9  14
   9  11  15   9  11  16
  91  18  15  11  11   9  11  15  11  15  11  13   9  12   9   9  10  11   9  16
  10  16  12  18  18  10
  90  11  16  16   9  12   9  15  12  18  18  15  14   9  11   9  17   9  15  12
  10  17  14  16  16  17
  90  15  16  16  11   9  18  10  12  16  18  16  16  14  14   9  15  11  12  10
  18   9  11  15   9  17
  52   7   6   6  10  10   5   8   5  10  10  11   6   9   6   8   7   6   5   9
   8   6   9   7   6  10
  86  12  15   9  17   9  13  16  16  12  11   8  14  11  10  17  10  17  13  16
  16  11  16  10  17  17
  89  16  16  17  15  17  12  15   9  13  17  14  13  14  13  15   9  11  12  10
  11  18  16  10  12  15
  73   8  14   7  11   9   9  15  14  12   9  13  12  14   8  13   8   8   9   8
   8  14  11  13  12  15
  84  15  13   9   8   8  14   9  12  16  17  10  15  17  16  10  14  11  16  14
  15  11  13  12  12  10
  53   7   7   9   6  10   8   7   8  10   5   9   5   9  10   5  10  10   6   8
   5   8  10   6   9   7
  55   8   7   5   6  11   9   9   8   9   7  11   6   8   9   8   8   7   7  10
  10  10   6  11  11   6
  53   5   5   6   9   6   7   6   6   5   5   8   8   5   8   5   9  11   5   6
  11  10   9   9   5   9
  77  11  13  10  12   9  12  13   9  11  12  10  10   8  15  10  15  14  10  14
  11  16  14   9   8   7
  53   9  11  10   5  10   5  11   9  11   8   8   9   9   8   9   7   9   7   6
   9   6   7   6   6   5
  86  14   9  16   8  11  15  18  14  13   9  14  11  16  11   8  14  12  10  10
  13  13  10  14  12  15
  64   8   6  12  13   9  12  12  12  11  10  11  10   9  12   8   9   8  10  10
   6  11   7  12  11   7
  59   7  10   9   9   9  11   5   9   8   7   7  12   7   8   8  10  10  12   7
  10  10  12  12  12   9
  87  13  13  11  14  13  16  17  10   9  14  12  16  15  14  10  13  10  11  15
  18  16  16  12   8  17
  50  10   5  10   6   7   7   8   5   8   9   6   6   6  10  10  10   6   9   5
   9  10   7   5   8   6
  63  12  10   7   7   6  12   9  11  13   7  13  10  13  13  12   8   7   7  10
   6   7  12  10   7  10
  85  13  10  10   9  13  16   8  11  11  14  12  12  13  15  13  13  14  12  10
  10  17   9   8  15  13
  51   9   8   6   5  11   7   8   8   9   8   6   9  11   7   7   5   7  11   8
   9   6   5   8   6   7
  51  10   6  10   6   6   9   6   6  10   5   5   7   9   7   8   7   8   7   8
  10   7   8   5  11   5
  86  13  10  15   8  16  12  10   8  15   9  14  12   9  14  16  17  10  14  17
  16  15  12  12  18  11
  82  16  12  11  15  10  10  11   9  15  11  12  10  10  16  13   9  12  13  13
  15  14  12  10  12  15
  82  15  14  10   9   9  13  14  10  12  12  10   9  17  15  14  11  16  10  12
  14  14   8  13  16  10
  58  10  12  11   6  12   6  10   8   7  10  11  12   6  11  11   9  11   7   6
   8   5  11   9   7   6
  63  10  13   6  11   9  12  13   7   8  12  11  13   6   9   9  13   9  11   8
  12  11  10   8  13   9
  61   8  11  11  12   9   8  11   6   8   8   9   9  12  11  10   6  10   8  12
   6  12   7  12  11  12
  65   9  11  13  10  12  10  10   9  13   7  12  11   9  12   9   7   7   9  12
   9   9  10   9   8   9
  91  16  18  15  15  12  10  17  10  19  14  14  11  15  13  14  12   9  14  14
  11  14  18  17  15  17
  76  13  11  12  11  13  15  11  14  10   9  14  10  12  12  11  15  14   8  14
   9  14  10  11  10  16
  61   7   7  10  10  11  13   6  11   9   6   9  10   7  11   7   9  11  11   6
  11   7  11   7   6  11
  86  11  11  16  10   9  17  16  16  16  11  17  10   9  12  13  17  17  11  12
  11  15  13  14  13  11
  55   7   7   6  11   6   7  10   5   6   9  11   7   9   8  11   7   8   7   8
   7   5   9   5   5   7
  65  12  12   7  11   8   7  13   6  10  13   9   8  13  10  13   6  11   6  12
  10   8  10  12   6   9
  80   9  11   8  10   9  13  12  16   8  16  11  15  14  15  16  16   9  11  11
   8  13  10  16  11  12
  59  12  10   8   6  10  11   9   8  12   7   8  11   8  10  11  12   7   9  11
  11   8  10   9   6   6
  96  10  18  14  14  10  14  17  12  15  14  13   9  19  14  10  14  10  18  19
  19  18  10  13  13  12
  97  10  12  17  15  15  15  20  20  19  17  19  14  18  19  18  18  19  19  11
  16  11  10  14  16  20
  92  10  17  16  17  17  17   9  10  17  17  13  10  12  13  13  10  18  10  14
  10  17  12  16  17  18
  52   6   6  11  11   8   8   5   7   7   9   7   6  10   7  10  10   9  10   7
   9  10   6   8  11  10
  61   7   9   6   8  11   8  11   8   6  12  10   9  10  11  10   9   9  12   6
   6   6  10  12  11   7
  82  11  10   9  12  12  13  10   8  16  10  12  17  14   9  15  11  12   9   9
  17  12  16  16  17  14
  60   6   8  12  12   6   7  12   6   6   8   7   8   8   9   8   8   6  11   6
   8   6  10  10  10   7
  77  13   9  12   7  14   8  15  14  12  11   8  14  15  16  11  13   8   9   8
  14  13  15  12  11   9
  79  11  15  16  16   8  10  14  11  15  16  15   8  12  11  16  14   8  12  11
  11   8   9  14  16  14
  90  18  11  15  17  17  18  11   9   9  12  10  15  16  13  16  10  18  10  15
   9  13  18  11  13  10
  91  11  11  12  15  16  16   9  10   9  13  11  11  11  16  10  18  14  17  18
  13  18  10  16  16  13
  73  12   9  13  15  12   9   8  12  15  12   8  10  15  12   9  15  11  10  10
   8  14   8  11  10  10
  97  10  19  14  10  10  12  20  18  12  11  14  10  19  11  17  12  15  19  15
   9  17  19  18  14  16
  63   8  12   9   7   7  11   9  12  10   7   9   9   7   9   8  12  13   9   8
   9   9  13  11   9  12
  71   8  14   8  14  11   9  11  10  11  14  13  10  13  10  10  11  13  10   9
  12  12   8  14  13  10
  85  17  17  13  11  16  17  10  10  11  14   9   9  11  12  11  17  16  12  13
  13  11   9  17   8  11
  86  14   9  16  17  16  15   9  15  16  13  10  15   8  12   9  13  14  17  17
  15   8   9  10  18  13
  88  11  17  10  10   9  13  11   9   9   9  10  14  10  13  16  13  12  17   9
  12  11  16  16   9  11
  92  18  14  16  10  10   9  15  13  13  11  17  15  17  12  16  14   9  12   9
  14   9  16  10  12  11
  80  12  14   8  14  16  13   9  11  12  12  15  11  10  14   9  16  12  15  13
  15  14  10  14  14  14
  67  11  10  10   8  11   9   9  10  13  12  12  11   8   8   9  10   8  10   8
   9  11   7   8   7  10
  86  12  16  11  14  17  16   9  11  15  11  12  16  17  11  17  17  13  16   8
  13  12  14  13  15  15
  64   7  10   8   8  12  12  13   8   7  10  11   6   8  11   9   6   8  10   8
  10  10   7   9   7  10
  57   6  11   9   7  11   9  11   7   7  11  11   6  11   6  12  11  11  11   7
  10   9  12   6   7   9
  73  15  11  13  14  12   9  12  12  14  11  13  13   8  13  13  13  15  10  15
   9  13  14  12  14   8
  53   8   9   8   8   8   9   9   5   7   7  11   9   5   8   8   9   8   7   8
   9  10   9  10   7   5
  71  13  14  11   7  15  14   8  12  13  14   7   7   8  13  13  11   7   9  12
  14  13  12   9   9  13
  55   7   6   6   5   8   5   7   5   8  11  10  11   8   9  10   6  10   8   6
   8   9  11   9  10   7
  82   8   9  10  15   9  15   9  13  11  13  11   9  16  16  10  11  15  14  13
  11  11  12  10  10  13
  96  19  10  10  12  10  15  11  17  13  19  16  12  14  17  10  13  16  17  18
  13  13  13  12  13  14
  89  13  15  11  17  11  16  16  13   9  13  13  11   8  14  13  15  12  10  14
  16  10  18  17   9  15
  73  13  15  12   9  13  15   9  11  12  11  12  11   7   9  13  13   9  11  10
  12  14  11   9  11  13
  56  11   7   6   6   6   7   7  11   8  11  11   9  12  10   8   8   7   5   6
   6  10   8   6   7  11
  58  12  10  11   8  11   8  10   9   8   6  12   6   8  11  12  10  10   7  10
   8  10   8   7  11   8
  92  10  12  18  11  17  11  10  18  17  12  18  15  11  11  15  14  12  15  10
  12  10  17  10  19  12
  50   9   9   5   6   9   5  10   9  10   5   8   8   6   6   6   9  10  10   7
   9   7   8   7   6   9
  69  10  10  14  10   9  14  12  10  11  12   8  13   7  14  10   8  11   7  13
   6   8  10  12  14   7
  86   8  17   9  14   8   9  14   9  16  10  17  12   9  12  13  11  11  11  17
  10  11  12   9  12  13
  62  10   9  13   9   6   8   9   9   7   7   7   9   9   6  13   8  12  11   6
   6   6   9  11   9   8
  67  10   8  11  11   7   6   7  10   9   9  12   9   8  13   7   8   7  12  12
   8  10   6  12   6   8
  54   8  11  11   6   6  10   8   6  10   8  11   7   5   7   8   6   8  10   7
   6   6   7  10   7   7
  97  10  15  17   9  10  11  11  14  18  10  10  16   9  12  18  18   9  10  16
  15  18  12  16  17  19
  64  10   6  11  13  11   6   6  10  12   9   6  12   6  13   8  13   9  11   7
  10  10  11   9  10   6
  95  11  14  12  17  14  18  14  13  17  17  19  15   9  11  13  14  13  10  10
  18  11  15  16  10  17
  84  14  10  16  17  11  15  15  11  12  15  16  15  14  11  15  14  10  11  16
  10  15   8  11  13  14
  69  10  12   8   9   8  13  12  11  13   8  12  11   8  13  11  11  12   8   8
  11   9   8   7  14  12
  57  11  11   7   7   6   5   7   9  12   9   7   8   8  11   7   6   7   7  12
   6  10   6   9   7  12
  69   8  10   7   8   8  10  14  11   7   7   8  12  12  10   8   9  14  12   9
   8  12  11  14   7   8
  96  19  10  19  18  16  17  16  12  12  17  16  13  15  17  17  13  15  12  13
  15  14  11  13  13  16
  98  13  18  20  20  13  12  18  18  17  13  11  15  20  18  11  17  13  10  15
  11  12  18  18  15  14
  52   6   7   6   5   6   5   7  10   9   7   6  11  10  10   9   5  10   9   5
   8   7   8  10  10   8
  54   8   9  11   7   8   6   6   8  10  10  11   5   5   8  10   6   7  10   6
   8   9   7  10   7  10
  52   6   7   6   6  11   6   5   8   9   9  11   9   7   5   8   9   9  10   9
   8   9   6   6   5  10
  69   9  12  13   8   8  11  13  13  12   9  12   7  10  11   7   7  11  10   9
   9   7  11  10  10  14
  71  10  11   8  13   9  12   7  10  14  14  14   8   8   8  13  13  11  11   9
  13  10   9  11  14  14
  87  12  16  16  16  13   9  15  13  11  17  12  14  10  14  16   9  11  18  12
  18  12  13  12  16  18
 100  20  13  12  12  19  15  10  13  20  18  19  18  20  14  18  14  10  16  18
  15  10  12  19  19  18
  67   9   7  11  13   6   8   7   7  10   9   7  12  12   7  11  13   8  12  14
  10  13  14   9  12   8
  82   9  10  12  11  17   8  15  11  14  13  13  10  16  12   9   9  16  11  15
  16   8   8   9  11  14
  61  10   6   6   9   7  10  12   7  11   6   9  10   7   8  10  12  10  10  11
  12  10   7   8  12   9
  89  11  18  13  14  18  10  12  12  15  14  17  11  11   9  11  18   8  15  12
  15  13  17  12  18  18
  59  10   8   7   8   8   8   6   9   9  10  11   8  10   6   9   5  11   7   7
   9   6   9   6   5   7
  72  14   9  10  12   8  15  14   9   8  13   8  13   9   8  10   9  11  12   9
  13  10  14   8  14   8
  96  18  11  18  19  11  15  15  18  10  11  14  10  12  13  17  11  14  15  19
  13  10  19  16  11  19
  86  12   9  12  18  15  13  12  11  16  15  15  15  16   9  10  17  17  15  10
   8  12  16  11  17  12
  97  14  14  15  14  19   9  11  18  11  17  14  17  10  10  11  10  14  19  13
  14  13  10  14  14  14
  62  12   9  12  12   6  12  12  11  12  13  11   7   8  10   7  11   7   9   8
   6   7   7   8  12  12
  75  10   9   7  12  14   8  13  14  11  14  10  15  11   7  12   7   8  12  15
  10   9   9   8  12   8
  64   7   6   8  12  13  10  11  10  12   8  10  10  12  13  10   7  10   8  12
   8   7   7   9   6  12
  65  13  10   9  13   8  11  13   8   6  12   8   8   7   9  10  12   9  13  10
  11  13   8  10   9   9
  51   5  10   8   9   9   6   5   9   8   5   5   7   8   5   5   6   7   8   8
   8   6   6   5   8   8
  66  12   7  13  12   9  13  11   8  10  11  13   7  10   7   6  13  13  10   6
  12   8   7  10   7  13
  73  10  14  14  11   8   9  14  11  14  14  11  12   8  15   8  10   7   8  11
  11   7  13  14   9  13
  66  13   9   9  13  11  13   8  11  12  12   8  13  11  10  11   8  13   7  12
  10  10  11  11  12  13
  94  18  14   9  16  13  16  15   9  11  19  12  12  13  10  12  18  17  19   9
  14  15  12  13  13  12
  96  18  11  10  15  19  10  16  19  16  13  13  16  15  19  10  15  14  17  18
  13  12  10  12  17  11
  82  14  12  11  10  16  14  13  11  15  14  11  13  16  13  11   9  10  12  11
  15  14   8  12   9   8
  75  15  14  11  11  13   8  15  11  14  11   9  10   8   8   9  12  14   7  14
  14   9  13  10  10   7
  87  14   9  11  17  16  10  13   9   9  17  10  10  13  12  16  10  17   9  13
  11  12  10  15  17  16
  70  11  12  12  13  12  10   7   7  10  14  10   7  12   8  13  11   7   7  13
   7   9  10   8   8   9
  66   9   9  13  11  13  12  12   9  13  12  10  10  12   7   8  12  13  12  11
  13  10  10  12   8   8
  98  16  15  16  19  17  16  20  18  19  19  18  17  16  12  10  20  20  12  14
  10  19  18  15  17  16
  94  10  16  12  11  11  17  12  11  19  19  16  15  15  11  19  19  13  10  15
  15  17  13  16  17  14
  65  10   6  11  13   9  12   6   9  10  10  13   6  13  13  12   6  11   8  12
   9   6   9  12   8   6
  86  15  17  16  10  17  16  17  17  10  17  17   9  10  11  12  10  13  15  16
   9  18   8   9  13  10
  94  11  11  19  10  13   9  13  15  10  15  12  18  14  16  16  18  12  12  11
  17  13  13  10  16  19
  52   9   9   7   8   8  10   9   5   7   7   6   6   8   9   8   9   5  10   9
   5   8   9   7  10   5
  55   9  11  10   9  10   6  11  10   5  10   8  11   7   7   6  11   6   6   8
   7   6   5  10   9   8
  83  17   9  11   8  17  12  16  12  10   9  16  12   8  15  13  10  12  11  17
  14  15  14  17  12  12
  87  10  13  13  11  10  13  16  15  17  14  10  12  10  12  10  12  15  13   8
  10  11  18   9   9  14
  53  10  10  10   7   8   6   7   5   7   5   9   7   9   6  10   9   5  10  10
   8  10  10   5   6   7
  99  11  14  19  20  10  17  12  14  16  14  19  19  14  15  17  13  17  17  15
  18  13  17  13  17  16
  52   7   5   6   8   7   7   8   7   7   8   6   5  10   8   8   8   9  10   6
  10   6   6   8   5   7
  81  12  11  10  16  13  14  16  10  15  16  11  14  15  14  12  16  17  14   8
  14  13  15  14  12  16
  75   8  15  15   8   9  13  10  14  12   7  12  13  13  10  14   9  15   9   7
  10  11   7   8  14  10
  66   9   8  12   9  10  10   8   9   8   6   6   6  12  12   9  13  10  12   8
  11  12   6   7  12  13
  57   7   8   5   9  10   6  11  11  10   6   7   6  10   8   6   6   9  12   9
  11   8   6  10   5   9
  51   6   6   9   5   5  10   6   5   9   7   9   5   8  10   8   9   5   8   8
   7   6   5  10   6   8
  79  12  13   9  15  12  10  15  11  13  12   9  10  16  10   8  14  10  14  16
   9  16  13  12   9  12
  95  19  18  19  18  15  19  12  13  16   9  18  18  18  18  19  13  15  15  17
  18  15  10  14  17  15
  87  16  11  10  17  10  12  11  16  17   8  11  18  10  10   9  15  13  11  18
  11  15  16  11  13  14
  55   8   5   8   5   7   6   9   9  11   9  10   9   9   6   6  11   8   7  11
   5   8   7   9   7  10
  86  16  16  17  11  16  16  15  14  14  17  13  10   9  11  10  10  13  12  13
  14  12   9  13  17  16
 100  20  19  19  20  14  20  19  19  11  18  19  18  16  16  13  20  18  12  20
  14  13  12  15  14  13
  90  12  10  13  13  10  18  17  13  13  16  11  17   9  15  10  13  15  15  14
  12  14  17  12  16  11
  80  10   8  15  16  10  10  13  14   9  12  15  15  16  15  16  16  10   9   8
  15  13  11  14  15   8
  82   9   8   9  14  10  14  10  10  12   8   8  15  15  10  16  13  17   8  10
   8  14  13   9  11  13
  76  16  15   9  13  11  11   9  14  10  12  13   9  14  10   9  15  15  12  12
  15  14   8   7  15  12
  59   6  11   6   9  10   6   6  12   9  12  10  12  11   8   8   8  11  11   6
   6   6   7   8  11   7
  77  15   8  15  13  16  12  12  10  15  11  16  15  12  11  13   9  14   7  14
  11   7   8  10  10  14
  91  14  14  13  10  14  12  17  14  13  14  14  14  10  15  15  17  10  10  11
  11  11  12  18  16   9
  61   8   7   9   9  10   8  12  11  12   9   6   9  13   7  11   9   6  11  12
  12  12  10  11   8  10
  64  12  13   8  11   8  12   9   6  11  10  11  12  10   7   8   8   8   9   7
   6   6   8   8  11  10
  67  13  11  14   8  13  14  10  12   7  10  11  11  14  12   8  12  10  11   9
  12  11  11   9   6   9
  87  11  16  13  12  16  17  11  10  13  11  12   9  16  10  13   8  12  11  11
  15  13  13  14  15  17
  96  16  19  12  11  16  14  17  13  17  15  18  11  18  10  16  12  19  14  18
   9  16  15  15  16  15
  86  16  16   9  12  16   9  12  17   8   9  10  16  13  10   9   9  14  16   8
  14   9  10  16  12  12
  63   9   8  13  10   6   9  12   9   9   7   6   7  12   9  10  11  12  13  10
  12   6  10   8  13  11
  82  11  15  11  12  14  12  14  17  16  10   9   9  16  16  14   9  16  10   9
  15  13  12  11  12  14
  68   9  10   7   8   7  13  10  12   9   7  12  10  11   8  14  14   9   9   8
  14  10  10  14   7  13
  85  15  17   8  11  11  13  13  17  13   9  16  13  11   9  13  15  10  10  12
  16  16  13  16  16  16
  66  10  10   8   8  11  11   7  11  13  10  10   9   7   8   7  10   9   7   7
   9   7  12   6   9   9
  72   8   8   7   7  14   7  14  11  14   9   9  10   8  15  11  11   8  14  12
   8  11  11  11   9   9
  50   9   6   8   7   7   8   8   9  10   6   9   5   7   9   6   7   9   9   7
   5   7   8   6   9   7
  53   6   7   9   9   7   7   9   8   6   5  11   9   5   9  11   5   9   8   7
   6   9   6   6   5   7
  68   7  10  10   7   9   9   9  11  12  10   7  12  10   9  11  12  13  12  10
  13   8  10  10  10   8
  86  11  11  12  10  16   9   8  10  15  12  12  10  13   9  17  14  15  11  11
   9   9  18  17   9  11
  91  19  10  11  16  16  14  15  12  15   9  12   9   9   9  13  13  17  13  14
  10  13  10  18  12   9
  99  15  18  17  16  18  19  19  10  17  13  16  17  16  17  11  12  11  16  10
  20  20  10  16  19  16
  67   8  11  10   7   7   8  12  12   8   7   7  10   9  10   9  11   9  10   8
   9   9   9  12  12  10
  94  12  11  17  11  18  19  15  13  10  17  18  11  15  11  13  18  18  10  10
  17  10  14  18  17   9
  73  13  13  10   7  11   7  15   9  14  10  11  14  13   8  10  12  11  10  14
  15  13  10  15  12   8
  61   9  11  11  10  11   9  10  12   9  10  11  13  11   6   9  10   9  10   7
  12   7   9  11  11   6
  77  15   9  14   8  14  11  11  13  15  13  11  14  12  12  15  11  13   9   9
  11  11   9  11   9   9
  59  11   5  11   6   7   7   8   9  12   8  11  11  10   6   7   9   8   7  11
   6   7   7   9   6   7
  99  12  18  20  13  14  15  12  14  15  18  17  17  18   9  18  12  11  16  16
  16  14  19  11  20  11
 100  14  10  10  11  14  10  16  16  20  18  16  12  20  19  14  18  14  12  13
  20  20  18  16  19  12
  60  12  11   7   6   8   6   6   6   7   6   9   6  12  10   7   8  10  12  11
   8   8   9  11  12  11
  66   7  13  10  10  13  13  13   7   7   8   6  13  12  11   7  11  10  13   7
  13  13  14  12   9  11
  55   9   5   9   6  10   7   5  10   6  10   7   7  10  11   8  11  11   7  10
   6   8   9   8   6  10
  62   9   7   9   7  12   8   9   8  11  12   9  11   7   6   7   8   9   7   9
   8  12  13   9  12   7
  82  15  14  17  16  14  16  12   9  14  10  12   9  10  17  17  14  16   8  15
  16  14  12  11  11  16
  58   6   5   9  12  11  10   7  11  11   8   9   8   6   6   7   6   7   6   6
  10  11   5   7  10  10
  74  12  10  14  13  12   7   8  13  12  12   7   9  12  12  15  11  12  12   7
  13  13  12  14   8   7
  90  16  11   9  10  16  14  16  14   9  13  17   9  17  10  18  10  17  15  16
  11  18  18  13  10   9
  68  11   9   8   7  10  10   8  11  10  14  13   8  12  14  12  10  13  12   6
  11  14  11   7  13  13
  94  15  16  18  15  19  17  12  18  17  16  19  16  13  14  14  16  13  15  13
  10  14  18  13  13  17
  78   9  11  12   8   7  14  12  15  13  14   7   9   8  12  12  16  11  14  11
  10  16   9  12   7  10
  71  14   8  12  12  14  14  13   8   8  12  13   9  12   8   8  12  14   8   7
   9   9   8  12  13  10
  59   6  10   7  10   7   7  12   7   9  12   6   8  11  11   9   9  12  11  10
   6  10   9  10   7   7
  84  15  11  16  14  13  15   8  14  12  14  12  17  11  14  15   8  14  15   8
  16  13  12  11  10  11
  92  18  18   9   9  12  16  15  17  18  18  15  15  14  13  18  16  15  16  13
  13  14  14  15  19  13
  63  13   7  13   9  12  13  12  11  12  12   7  13  12   9  12  10   9  10   8
   7   9   8   7   8  11
  77  14  12   9  14  13   9  12  13  14  14  12  10   9  15  15  14   8  10   8
   8  12  14  12  11  12
  89  14  17   8   9  13   9  14  10  15  15  16  15   9  13  11  10  17   9  13
   9  11  16  10  14  12
   1142   1125   1125   1107   1128   1125   1139   1105   1175   1143
   1143   1110   1120   1112   1122   1140   1140   1108   1101   1111
   1123   1102   1123   1139   1124
