MK200.01.D
 200  25
  56  11   6   5   7   8   6  11  11  11   6   6   9  10   6   8   6  10   5   9
   8   8   6  10   7   5
  52  11   9  10   7  10   7   5   5   6   6   7   7   7   8   7   6   5  10   9
   6   5  11   6   9   9
  55  11   8  11   8   7  11   7  10  10   9  11   9   7   9  10   6   5  10   7
   5  11  11   7   6   8
  88   9  15  10  12  11  14  10  13  16  16   8  13  14  14  15  14  17  11  14
  11  17  17  16  15  17
  98  19  19  13  12  12  18  16  14  10  15  15  19  13  12  10  11  19  12  19
  14  16  18  20  10  15
  62   6   6   8  10   8   7  11   8  12   9   9   8  12   6  12  11   6  11  11
   9  12  11   9   9   8
  85  16  17  12  13  13  11  12  12  16  16  10  13  17  16  13  17   9  10  17
  14  10  14  16  14  13
  92  14  14  18  12  16  15  18  13  11  15   9  16  14   9  17  17  17   9  15
  18  16  13  12  11  17
  75   7  10  12  11   9  11  12  14  12  14  12  15   8  14   7   7  14   8  13
  14  14  15   9  15  14
  53   6   7   8   5   6  11  10   9   5   9  11   9   6   6   7   9   8  10  10
  11   5   8  11   5   9
  68   7   8  10  10  14  11   9  12  10   8  14  14   7  13   8  11   7   8  11
   8  11   7   9   9   8
  55   8  10  10   7   5   7   7   8  10   6  11   7   7   6  10  11  11   9  10
   7  10   5   7   7   7
  97  11  12  17  13  13  17  17  14  12  11  13  10  13  16  20  17  19  17  18
  19  12  17  18  17  12
  55   9   6   8   5   8  10  10  11  11  11   7   8  10   6   9  11   7   9   9
  11   7   8  11   8  11
  65   8   8   8  12  11   7   7   9  11  12   7  11  12   7  10  10   9  12   9
  13   8   7  13   7   9
  95  15  17  11  12  15  18  10  16  14  15  15  11  14  15  18  13  16  15  14
  12  17  19  19  13  17
  67   8  12  12  11  11   8  11  11  12  13  10   8  13  13   6   9  13   6   9
   7   7  10   8   9   6
  97  15  15  10  15  11  14  11  14  14  14  17  19   9  10  16  18  14  19  10
  15  12  19  10  18  10
  93  10  18  13  16  17  12  16   9  15  15  15  17  11  13  10  14  17  18  13
  12  19   9  19  18  18
  80  12  16   8  10  15   8   8  10  12  15   8  12  10  14  14   8  12  13  16
  15  14   8  15   9  14
  72  15  11   7  10  12  13  11   8  15  12   9   7  15   9  11  12   8  12  10
   7   7  14  11  11   9
  56   7   6  12   6   6   7   7  10   6   7  12   9   5   6   7   6  11   8   9
   9   5   9   5   9   7
  95  15  19  11  14  11  17  16  13  18  15  16  12  13  17  18  19  16  19  19
  15  18  13  17  18  18
  54   5   5  11  11   8   6   7   7  11   6  10   6   7   7   7  10   5   6  10
   9   6   5  11   9  11
  87  18  17  15  18  12  14  18  12  15  15  10  12  17  16  14  12  17  14   9
  15  16  12  16  17  17
  92  13  17  12  12   9  17  14   9  10  18   9  17  11  14   9  18  13   9  18
  18  14  11   9  10  14
  60   8   8   7   7  12   6  10  11  10  12  10   7  11  11  11   7   9   6   6
   8   8   7   7   8  11
  78  10  13   8  15   7  12  10   8  16  13  10  13   8   9  14  15   9   9  10
   8  14  10   9  13  13
  92  19  18  11  10  14  18  14  17  17  14  17   9  15  18  15  19  16  15  11
  12  17   9  10  18  10
  86  12  13  17  10  12  15  12  16  11  16  12  13  11  18  16  12  13  12  11
  11  12  13  18  12   9
  60  12   9   7  12  11   9   8   8  11   8  10  12  10  12   8  10  10   8  10
   6   9   7   7   8  12
  71  13  15   8  12   7  10   9  12   9   8   9   7  12  11   8  13  11   7   9
  14  11   9  10  12  14
  97  15  11  12  20  12  20  17  17  13  14  15  15  16  11  19  16  15  14  20
  17  13  19  19  13  13
  57  10   7  10   6   7  10   5  10   7   8  11  10  11   9   8   6   6   7  10
  11   7  10   8   6   9
  72  10  14  11  13   9   9  10  12  10  14   8  11   8   7  10  12  11   8  13
  12  10  15  10   9  11
  53   8   8   6   9  10   6   9   8   9   7   5  10   7   9   7   6   8   7   7
  10   8   7   6   7   7
  66  13  10  11   7   9  12  12  13  13   6  10  11   7  13   7  13   9   8  13
  14  10   7   9  13  10
  93  11  16  13  14  11  12  12  17  19  14  14  13  19  19   9  18  10  11  18
  16  13  14  13  14  16
  70  13   8  10  12  13   7  12  12   8   7  10  11  11   9   8   8  13  10   9
   7  11   7   8   9  12
  65  11  13  11  12   9   7  12   8   6  12  11  10   8   7   8   9  11  11   9
   9  11   9  10   6  13
  74   7  11  10  13   8  15   8  14  11   9   7  11  11  10  11  11  14  14  13
  14  14   7  14  11  11
  72  14   8   7   7  12   7  10  15  11   9   8   8  15  10  14  10  10  12   8
  13   8  10  11  14  15
  90  11  17  15  15  18  14  11  13  17  10   9  14  15  11  16  13  16  16   9
  18  14  11  18  11   9
  69  13   7  10   9  10  10  11   6   8  10   7  13  10   8   9  12   9  10  11
  11   8  14   7  14   8
  89  10  11   9  17  13   9  16  10  17   9  17  18  10  17  13  11  10   9  14
   9  18  13  16  14  17
  69  14  13  14   9  14   8  12   8   8  10   7   8  14  12   9   9  13  11  12
  14  10  13  13  11   6
  80   8   8   8   8  13   9   9  10  10  12  16  14   9  12  12  14  11  13  15
  14   8   8  13  13  12
  79   8  10  10  15  13  12  16  10  16  11  10  12  15  12  14  16   9   8  10
  16  15  10  14   9  13
  73  13  14  11   8  11   9  15   8  13  11  11  10  14   9   9   9  14  14  14
  15  11  12  13   9  15
  75  14  11  12   8   7  11  12  13   8   8  14  12  14  15  10  12   8  10   8
  10   8   7   8   9  14
  80   9   9  11  15  15  10  11   8  13  10  12   8  14  13  12   8  10  12   8
  11  16   8   8  12  14
 100  14  12  11  12  14  12  10  20  12  16  14  13  13  13  17  19  14  15  15
  10  12  10  20  13  10
  84  14  14  13  13  14   8  16  13   8   9  12   9   9  15  11  17  10  16  10
  11  11  12  15  10  13
  77  12   8  13   7   7   8  11  10  16  14  13  16   8  14   8  16  12  15  15
  10  12   9  11   8  13
  81  14  13  16  17  13   8  10  15  12   9   9  15   8  10  15  10   8  12  10
   8  12  10  11  13  10
  91  11  17  11  17  17  15  18  14  11  15  14  14  11  13  18  18  14  11  17
  17  15  10   9  13  13
  52   6  10   7   5   5  10   6   6   7   6  10   7   8   6   9   8   9   8   6
  11  10   7   8   7   6
  86  10  11  16  12  10  16  10  11  14  15  12  13  11   9   9  11  16  17  14
  15  10   8  15  16  15
  90  15  12  11  12  14  12  10  14   9  13  14  12  14   9  11   9  12  18  11
  14  14  11  14  18  16
  80  14  12   9  11  10  14  11  10   9  10  13  13  15  16  11  15  16  15  14
  12  12  12  14  14   8
  57  11   8   8   8   8  12  11   7  10   9   7  11   7  11   7   6  11  12   8
   6   7  11  10   6   5
  51  10  10  10   5   5   8   7   8  10   5   7   8   6   5   7  10   7  10   6
   6   6   5   5   5   8
  83  15  16  12   9  17  14   9  13   8  10  17   9  13   9  17  16  11  15  13
  13   9  16  10  16  12
  56   7   9  11  10  10  11   9   5   7   7  10   7   8   9   6  10   8  10   8
  11  10   7   6   7   5
  93  18  18  18  13  14  16  16  14  15  11  17   9  18  12  14   9  16  14  14
  15  10  11  12  19  15
  80  12  13  15  10  13  13   8  11  15  16  13   8  10   8  12   9  12  12  12
  15  14  13   9  10   9
  81  10   9  13  11  16  12  12  11  12  14  10  14  10  13  14  15   8   8  15
  12  10  15  15  11  16
  78  14  10  11   9   7  13  13   7  13  10  13  11   8  10  13   9  10  14  11
  13  14  13   7   9  10
  98  16  12  12  20  12  12  16  13  12  19  11  12  15  15  19  14  13  19  18
  10  17   9  20  16  13
  76  12  13  12   8  12  11  10  11   8  15  16  12  12  10  12   9  14  12  11
   8  10   8  12   9  12
  88  15  11  12  11  14  10   8  17  13  14   9   9  10  13  10  17  16   9   9
  15  13  17  15  15  11
  53   9   8   9  10   9   5  10   8  11   5   6   9   7   8  11   9  11   8  10
  10   9   5   6   5   5
  50   6  10   8  10   9  10   6   6  10   9   7   5   8  10   6  10   7   6   9
   5   5   9   8   8   8
  88  15  15  11  13  13  13  15  12  13   9  17  11  11  12  11   9  13  12   9
  10  16  12  12  17  16
  93  18  13  15  12  13  10  12   9  12  10  18  11  13  15  16  15  16  17  19
  14  10  16  13  16  10
  75  12   8  14  14  14   9  15  13   8  10   9  11  14  11  11  15  10  14  11
  12  11  14  15   9   9
  80  13  15  14  14  15  15  16  12  15   9  16  11   8  14  15  15  14   8   8
  13  16  13  12  15   9
  69  10   9  14   8   7  13   9  10  13  13   9  10  13   8  12  10  10   9  11
   7  12  12  11  12  12
  91  16  12   9  10  12  15  15  16  12  16   9  11  18  17  10  11  15  18  17
  13  16  10   9  14  12
  89  17  12  10  14  15   8  10  15  10   8   9   9  14  17   9  12  11  12  17
  11  17  15  17   9  14
  78   8  15  15  16  14  10  11  13  11  13  13  14  15   9  12  10  11  13   9
   9  15  13  16  14   8
  69  14   8   8  12  13  11  11   7  13  14   9  10  14  11  12   9  10  14  10
  10   8  13  12  10   7
  80   9   8  16  13  16  12   8  15  14   8   9  13  12  15  16  10  12  10   8
   9  10  16   8  14  16
  93  19  18  15  16  18  19  14  11  18  16  13  18  13  17  18  12  11  16  12
  16  11  10  12   9  19
  87  10  12  11  17  16  17  17  17  15  17  12  14  13   9  16  18  11  15  13
  10  10  14  14   9  14
  63   7   9   8   6  11   9   6  13  11   6   9  10  11   7  10  12   7   9  10
  11  10   6   8  12   8
  56   9   8  11   6  12   9  10   7   9   7   9   7  10   8   8  10  11   9   8
   7  11   6   7   7   8
  58   8   8  12   9   8   9   6  11   7   9   6  12   7  10   9   9   9  11  10
  10  11   6  10  10   8
  78  13  14  16  13  13  11   8  14  12  12  14  14  15  12  10  16  11   9  10
  15  12  15  16  10  13
  81  14  17   9  16  13  15   9  16   8  17  15  11  12  10   8  11  13  14  10
  10  14  15   9   8   9
  98  19  10  11  13  17  14  18  11  12  16  10  11  14  12  16  11  17  10  16
  16  13  14  12  15  20
  67  14  13  14  10  13  13  12   9   8  12   8  11   7   8   7   7  12  13  12
   6  12   8  11  11   6
  62   7   9   9   7   9  11  13  11  11  13  11  11   8  12  12   8   7   8   6
   6   6   8  10  11  12
  95  14  11  11  12  16  15  10  13  18  14  11  11  13  12  12  13  15  10   9
   9  13  12  15  17  16
  78  11  15  12  11  14  14  12  13  12  15   8  15   9  15   9  14   8   8  10
  15  14  13   8   8  10
  61   7  11   6  13  11   7  11  11   7   7  12   9   6  10  10   8  12  10   8
   6   8   7  10  12   6
  62   7  12   9  11  10  11   8   8  13  10   9  11  11   6  11  12   9   9  13
   8  11  11   6  12   6
  95  17  14  11  17  18  14  19  15  11  12  14  13  10  16  11  13  19   9  16
   9  15  15  18  14  11
  51   6   6   9  10   9   8   6   9  11   7   5   9  10   5   8  10   7   5   7
   7   9  10   9   6   7
  50   9   5  10   8   5   6   7   8  10   8  10   6   8  10   7   5   7   5   8
   8   6   8   5   8   5
  86  15  15  15   9  11  10  15  16  14  16  10  16  11  14   8  10  15  17  17
  11  12  15  11  13  12
  52  11  11  11   8   7   8   7   8   6   8   5  11  10   9   5   7   6   7  10
   8   9  10   7   6  11
  66  10  10   9   8  12  11   7   6   9   7  13  13  13  10  13  13   8  12  12
  14  13   7  10  13  14
  96  18  19  13  13  18  12  19  19  14  12  15  15  13  16  19  14  12  10  16
  14  15  19  12  13  12
 100  19  19  14  15  12  19  10  19  14  19  17  14  19  18  13  15  19  10  11
  13  18  10  10  19  11
  90  13   9  17  10  11  13  16  14  15  10  17  11  12   9  18  12  10  18  11
   9  10  13  16  12  12
  62  11  12  12   8   8   8   9  12   8  10  12   8  10   9  11   7  12   7   7
   8   7  11  10  11   9
  55   6   5  10  11   6   8   9   8   9  11   5   8   7  10   7   6  11   7   8
   6   8   7   9  11  10
  75  12  10  14  13  11  14  15  12  14  11  14  12   9  10   9   9  14   8   8
  13  15  14  14  11  10
  90  15  15  18  10  17  12  10  14  12  15  17  17  11  17  17  15  10  13  12
  14  15  11  10  15  15
  59  10  10   8   6  12  11  12   9  12   6  11  10  10   6   7   7   9  11  11
   5  12  10   9   7  12
  78  16  16  13  12  14  15  11  14  12  15  15  14  10  13  14  11  16   8   9
  15  16   8  10   9  13
  84  15  11  10  15   9  12  15  10  13  14  16  12  17  14  13  11  17  16  11
  10  13  11  12  12  11
  66  12  13  12   9   7   6   7  13   7   7   9   7  12  12  10  11  13  10   7
   7  13  12   6  11  11
  97  16  17  16  20  17  10  17  14  10  11  11  15  17  13  13  12  11  16   9
  15   9  18  16  10  12
  72  10  10  14  10   8  14   7  12  10   9   9  12   9   9   7  13  14  14  12
  14  11  10  13  10  15
  60  10   9   8  11   8   6  11   9   9   9  11  10   6  10  12   8   6   7  11
  12  11   7   7   9  11
  60  11  12   7  11  12  10  11  10   9   9   8   6  10   6   8   8   6  10  11
   6  12  10  11  11  10
  99  10  15  11  19  12  18  16  20  20  20  10  16  10  20  19  11  14  11  15
  17  18  20  10  19  12
  96  17  15  19  15  11  18  13  19  18  19  14  11   9  17  17  19  17  10  10
  17  16  16  18  10  11
  74  10  14  11  13   9  12  12   9  12  11   8  12   7   7  11  14  13   9   9
   9  13  10  10   7  11
  54   6  10  10   8   9  10   9   8   7   7   7  10   9  10  11   6   7   8   9
  10   9   7  11   6  10
  66  10   6  11   9   7  13  12  10   7  11  11   8   6  13   9   7   8   8   8
  10   8   9  13   8   8
  77   8  14  15  15  15   9   8  14   9  12  14  11  13   8  14  11  10  14   9
  15   9  10  13   8  11
  85  11  10  12  16  17  14  14  16  15  15  14  13  15  11  10  10  11  13   9
   8  16  10  10   9  14
  75  11   7   7  10  12  11   8  12  13   9  12  15  15   7   7   9   8  10  15
  12  11  15  15  11  11
  90  15  15  11  13  11  13  13  13  13  18  17  10  10  17   9  12  11  12  11
  11  12  13  10  12  14
  87   8  13   9  13  12  13  14  11   9  10  13  14   9   8  10  12  14   9  11
  13   9  10  17  14  16
  93  17  11  14  17  12  11  17  13  19  18  15  16  19  12  14  11  13  12  19
  15  18  12  19  15  16
  61   7  12   6  10  10   7  11   6  12   6   7   6   7   6   6   9  10  11   9
   7   6   7  11   8  10
  62  12  12  12  13  10  11  10  12  13   7  13   6   6   6   7   6   7  13  10
   8  10   9   7   7  10
  60  11   9  11   9  10   9   6  12  11  10  12  10   8   8  10   6   7   9  12
  10  12  11   9   7  10
  73  14   7  12  11  13  12   8  10  13  15  11  14   8  12  11  10  12  10  13
  11  13   8  10   8  14
  89  12  16  15  18  17  10  10  13  15  15  10  13  12  10  11  17  17  14  18
  14  13   9  14  13  11
  99  15  15  17  15  14  10  16  17  14  17  10  11  10  14  19  12  16  17  20
  11  19  14  19  14  15
  69  11  12  14  14  11  10   7   9  10  12  10   7  12  10   8   9  13  12  13
   8  12  14  10   9   9
  80  14  10  14  12   9  10   9  16   8   8  16   9  16   8  16  10   8   9  15
  11  14  11  15  12  15
  68   8  10  10   8   7  12   7  12   9  14  10  10  11  11   9   9   8  13  13
   6   7   8  10  12   9
  93  18  13  11  10  16  11   9  13   9  17  14  11  17  16  12  14  15  11  13
   9  10  16  17  14  10
  85  11  13   8  12  15  12  13  11  16  16   9  10  14  14  14  12  11  11  10
  15  17  15  11  11  13
  94  12  14  14  10  14  17  10  12  11  11  10  18  16  14  16  14  17  10  14
  11  12  11   9  11  16
  63  13   6  10  13   7  12   7   8   8  10   6  13   8   7  13   9   9   8  12
   9  13   9  11   7  12
  67  13  11  12   6  13  11   8  14   9   7  13   8  14  12  13   9  13  10   6
  11   7  13   7  10   9
  79  16  14   9  10  15  13  10  13   8   9  11  16  13  11  10  16  16   9  10
  11  15   8  12  10  12
  97  15  17  11  11  16  14  17  13  13  13  16  10  19  11  20  15  17  12  12
   9  19  11  17  16  10
  59  12  11   8   9  11  10   9   5   8  11   7  10  11  11   6   6  12  10   9
   9   7   9   9   6   6
  80  15  12  11  16   8  11   9   8   8  13  11  15   8   8  11  15  13  15  14
   8  14  16   9   9  10
  73   7  15   8  15   9   8  15  11  10  14  10  12   9  15  10  13  10  14   7
   8  12   8  13   9  12
  73  15  13   9   7  10  14  14   7   9  11   8  14  12  10  10  15   7  11  13
   8   7   7   9  11   7
  51   6   6   5   9   7   9   7   5   7   7   5   9   7   5   7   9   9   7   6
   7   5   8   6   7  10
  93   9  10   9  14  10  16  10  11  15  15  16  11  19  18  17  19  17  16  13
  17  13  17  17   9  19
  63  10  12   7  12   9  12   9  12  12   9   9  12   7   9   7   8  11  10   7
   9  11   9  13  12   8
  92  11  11  17  10  11  18  11  10  13  15  13  17  13  16  15  17  18  17  15
  11  11  12  10  11  17
 100  13  16  20  14  14  20  16  20  18  16  14  16  16  12  10  17  10  19  11
  13  16  18  14  12  15
  78  14  13  10  12  14  13  12  10  12  12  15  15   8  10  15  10  15  14  12
   9  15  13   7  13  14
  55   9   8   6   5  10  11  10  11  10   9   5   6  10   5   8  10   5  11   6
   9  11  10   9   5   7
  53  11   9   5   5   6   7   7   8  10   7   6   7   8  11   6  10   9   9  10
   9   6   5   9   6   9
  88  11   9  12  15  13  14  14  13  12  16  18  12  11  12  12  13  12  11  14
  18  11  14  10  14  17
  83  16   8  16  10   9  11  16  14  15  16  10  10  12   9  13  12  11  12  11
  11   9  11   9  15  17
  51   9   9   9   7  10   7   5   7   7   7  10   8  10   9   9   5  10   6  10
   9   6   7   8   5   8
  71  12   7  14  10   9  11   7   8   7   8   7   8   9   8  11   7   9   8  11
  13  13  10   9  10  10
  91  14  12  18  15  10  18  16  11  15  11  14  18  16  13  11  11  10  13  17
  12   9  12  13  14  16
 100  20  14  15  20  12  12  14  20  20  11  19  19  15  11  17  19  10  17  15
  18  13  13  20  10  17
  63  10   6   7   8   7   9   9  13   7  13  13  12  10  11  12   8   8   7   7
  10  11  10   8  10  12
  67  13  12   7  11  11  10   8   9   7   7   7   9  12  10  14  10  11  12   8
  13   8  10   7   6  14
  97  14  17  17  15  15  13  17  20  11  19  13  11  13  18  19  16  10  11  13
  13  16  14  10  16  17
  91  15  13  17  15  13  16  13  13  14  13  10  15  17  14  16  10  15  12   9
  11  18  11  13  18  11
  82  12  15  15   9  16  15  12   8   8  14  16  15  12  15  12   8  14  11  15
  10  16  10  10   8  13
  85   8  13  15  17   8   8  11  11   8  10  17  10  12  12  15   9  13  15  14
   9  17  14  17  10  16
  82   8  11  10  16  16   9  12  11  11  16   9  13   9   8   8  12  16  14  15
  17  14  14  14   8  12
  96  18  18  15  17  10  19  12  16  13  18  17  14  18  10  14  14  13  14  14
  17  13  12  12  19  20
  53  11   9   6  11   7  11  11   5   6   8   5   5  10  10   7   5  11   6  10
  10   7   6  10  11  10
  83   8  14  11  12  17  16  10  10   8  17  12  14  12  17  13  13  15  12  14
  16  17  14  16   9  13
  58   8   9   7   9  11  11   6  11   7  12   9   7  10   7   6   8   6  11  10
   9  12  11   6   6   6
  84  12  16   9  16  13  16  13  15  12  14  10  15  10  14  14  17   8  14  11
  16  15  15  10  16  15
  50   8  10   9  10   6   9   6   5   7   6   9   5   8   8  10   9  10   8   9
   8  10   7   8   8   7
  90  18  13  11  16  15  10  16  17  16   9  11  15  16  17  17  12  17  11  11
  18  13  10  10  11  11
  79   9   8   8  13  15  12  14  14  15  10  15   8  12  13  13  11   8  10  15
  13  15   8  13  10  11
  95  10  14  18  14  12  14  12  10  17  18  15  10  14  19  18  13  11  12   9
  16  15  16  18  11  10
  77  10  13  15  15   8  16  12  12  14  14  10  11  13   9   9  11  15  11  16
  15   9  14  11  12   8
  97  18  18  17  19  19  16  19  10  12  12  18  17  10  11  19  10  11  17  16
  10  18  13  12  13  16
  55   9   6   7  11   8   8   9   7   9   7   6   6  11   9   6  10  10   6   9
   8  10   6   9  10  10
  86  10  11  11  13  12  15  13  16  13  16  14  13   9  15  13  13  15   9   9
  17  10  10  16  16  15
  88  10  14  11  10  15  16  10  16  18  13  15   9  12  10  12   9   9  16  17
  17   9  12  12   9  11
  88  13  11  18   9  17  10  17  16  15  12  17  10  15   8  16  12  10  15   9
  15  11  12  13  13   9
  76  12  15  11   8  13   8   8  10  12   7   7   9  11  14   9  11   9  10   8
  10  15  13  11  13  10
  50   6   8   6   6   9   5   8   8   9   9  10   8   5   9   8   7   9   7   6
   6   5   8   9   6   7
  72   8   8  13  15  10  11   9  12  12  12  12  10  14  15   7  10  15   9   7
  12  15  12  15   9  12
  83  15  10   9   9  13  11  15  16  16   9  15  11  14  16  14  14   9   9  13
  12   9  11   8  10  14
  59  10   6  12   8   6   7   9  10  11   8  10   7   9   7   9   6  10   8  10
   6  11  12   7  12   7
  63   7   6   6  10   8   6  13   9  11  13   7   6  12   6   9  12   8   8  12
  11  12   9  12  11  13
  54   7   9   6   8   8   7   9   8   6  11  10   6   6   5   8   7  11   6   9
   9   9   6   9  11   6
  98  16  16  11  20  17  14  17  19  19  13  19  11  12  18  15  11  10  14  12
  13  11  14  16  15  13
  74  10  11  12  15   7  14  12  10  10   8  13  14  11   9  14   9  11  13   7
  11   8   8   7  10   9
  79  10  11   8  11  11  14  15  14   8  14  16  10  10  13  15  10  14  15  11
   8  12   9  16  12  15
  59   8  11   7   7   6   9  11   8   7   6   6   6   7   9   8  12   6   8   6
   6  11   9  10  11   7
  70  10  12  14   7   7  12  12  11  14   9  14  10   7   8   7   8   7   9  13
  13  13  14  11  10  11
  75   9  13  15  11   9  10  15  15   9   9  12   7  13  10  15  14  12  13  10
  14  15   8  13   8   9
  79  10  13  12  11  13   9   9  13  11  14  12  11  10  15   9  10  10  12  10
  10  11  13  14  11  11
  56   9  10   7   7   7   9   9   5   9   8   6   6   9   5   7   9   7   9   5
  11   9  11   8   9   8
   1164   1161   1127   1148   1135   1150   1127   1154   1145   1150
   1130   1116   1125   1120   1147   1128   1138   1122   1133   1128
   1168   1103   1146   1099   1144
