MK200.04.D
 200  25
  94  18  19  14  11  17  16  16  15  13   9  18  14  15  18  12  19  11  15  18
  12  17  16  19  17  13
  90  18  18  14  12   9  15  17   9  12  18  12  12  10  15  16  13  14  11  18
  16  13  13  13  18  10
  95   9  12  17  13  15  17  14  17  11  17  10  19  18  11  14  19  10  18  16
  15  14  17  13  18  15
  57   9  11   5  12   7   9   7   8   8  12   6   8   9   9  11   7   5   6  11
   7   7   7  11   8   7
  83  10  10   8  17  13  11  10   9  14  16  16  16  13  14  16  13  10  11  16
  15  10  17  14  11   9
  59   9   6  11   8  11   8   6  10  12  11   7   8  11  11  12   9   6   5   9
  12   7  10  12  10  11
  72   8  14  12   8  10  15  15  13  14   8  13  13  10  14  12  15  10  10   8
  11  10  15  10  10  14
  67   8  13  10   8  14  10   8   7  12   7   9   8  10   7  10   8  13   9  11
   7  11   9  10  10  10
  67   7  10  14  12  14   7   7   7  10  10  10   6  10   6  13  13  13  11  14
  10  10  13  14  13  12
  91  17  10  14  10  10  18  17  14  10  18  12  10  18  14  15  17  16  11  15
  13  15  12  12  18  16
  85  12   9   8  17  15   8  12  11  16   9   8  16  10  15   8  14   9   9  10
  13  14  11   9  17  11
  54   5  11   6   6  11   9   6   7   9   9   7   9   7  11   6  10   9   7   8
  11  10  10   8  11   6
  92  16  12  18  16  16   9  11  16  12  17  11  12  10  10  10  18  17  11  11
  15  19  18  10  11  11
  55  11   7  10  10   8  10  10  10   7   7  11   7   6   9  10  10   6   9   9
   6  10   6   6   8   8
  98  12  16  14  12  15  19  13  16  13  10  15  19  11  15  18  18  14  11  12
  18  12  18  17  18  15
  83  14  13  13   8  12  10  14  16  15   9  15  11  10  17  12  16  14  14  13
  12  13   9  14  13  10
  76   8  14  13  10  12  15   9  11  13  11  11  12  12  10  15  14   8  15  11
   8   8   9  14   9  14
  64  10   8  12   8   9   8  11   6  12   6  13   8  13   6  12  12  11  12  13
   8  13  10   8   8   7
  69  12   7   9  10  13   8   7  14  10  11  13  10  10   7   9  12  12   9  11
   9  12  11   9  11  13
  50   6   7   6   9  10   5   8   5   5  10   8   8   7   7   7   5   8   6  10
   5  10   7   9   5   5
  57  10  10  12   6   6   6   9   9  12  11   6   9  12   6  10   8   7   6   7
   5   9  11   6   7   6
  69  13  13  11  11   9  14  10  11  10   9  14  10  11  10   9   8  14   8   8
  12   9   8   8  13  10
  60   6  11  10  12   9  11   7   6   6   6  12  12   8   7   8  12  12   9  11
   8  12  12   6  11   9
  85   9  17  14  10  12   8   9  17   9  10  16  10  16  13  10  13   8  10  11
  10   9  13  13  15  16
  51  10   9   9   7   5  10   9   9   7   5   5  10   8   5   5   6  10  10   6
   9   9   5   7   8   5
  88   9  11   9  15  11  12   8  10  10  14  11  14  15  18  14  17  12  12  17
  18  10  14  17  14  12
  54  10   5   6   6  10   9   8   8   6   7   9  11   6  10   7   8   9   9  10
  11   8  11  10   8   6
  88  18  11  15  12  12  11  15   9  15   9  16  17  15  11  12   8  16  16  18
  13  18  16   8  18  17
  60  11   7  11   6  12  10  10   8  11  11   9  11   8   9   8   7   6  11   7
  11  10  11   8  12  10
  78  10  10   8  11  14  11  12  15   9  12  13   9  11   9   8  14  10   7  12
  15   9  11  15   9   8
  64  10   9   6  12  10  10   8   7  12  11   6   8  10  12  10  11   6  10   7
  11   7   7  11   6   9
  90  15  12   9  11  17  14  16  14  12  13  13   9   9  18  17  18   9  15  15
  15  13  13   9  17  10
  98  19  19  11  17  14  15  17  16  15  14  20  19  19  14  19  18  11  12  19
  12  10  15  10   9  13
  50   9   9   7   7   9  10   9   8  10  10   6  10   6  10   6   9   6   5   6
   5   9   8   7   8   8
  68   7  13  12  11  10  12  11  10  14  13  14  13  14  13   8  10  13   9   8
  11  12   7   9   7  11
  71  11  12   7  14  13  12   8   8  14  12  12  11   7  10   8  14  13  14  11
  13   7  14  14  11  12
  87  11   8  15  14  13  14  10  12  14  10  10  13  10  12  17  16   8  13  16
  16   9  12  16  17  14
  84  15   9  15  17   9  14  16  17  10  16  16  10  16  15  16  13  15   8  17
  10  14  10  11   9   8
  80  13   8  16   9  13  10   8  11  15  11  12  10  10  10  11  12  10   9   8
   8  16   8  13  11  10
  63   7   8   8   6   7  11  11  10  13  11   8  11  10  13  12   7   8  11   8
  11   6   8   8  12  11
  94  13   9  15  14  19  16  19  18  10  15  12  13  10  10  19  13  15  17  11
   9  12  15  11  17  13
  65  11   8  13   7   9   8   8   7  12   8  13  12  12  11  12  12  10   7   9
   8  10   9   9   9  10
  79  11  12  14  11  13  12   9   8  15  11  11  12  14  12   8   9   8  14  10
  14  10   8  13  10  13
  81  14  10  10  12  15  15  15  15  12  16   8  13  15  12  13  16   9  11  14
  12  16  15  12  14  16
  69  14  10  10   7   7   8  12   7   8   9   8  13   6  10   8  14  10  13  14
  14  10  13  10   7   9
  66  13  13  13  10  11  11  14  13   7   8  12  11  11   8  12   7  13  13   9
   7  10  13  12  12   8
  58  11  12   8  10   6   6   8   9  11  10   9   9  10   7   7  10  11   9   5
   9  10  10  10   8   8
  63   8   6  11   6  10   6   9   9   7  11   6  12   8  11  12  11  12  11   9
   6  11   8  11  11  10
  93  14  16  16  16  17  13  16  11  14  10  12  19  12  16  17  13  15  18  14
  19  19   9  18  12  11
  76   8  15  15  10  15   8   9   9  10  11  12  15  13  15   9  15  13  11  13
  12  14  14  15  10  14
  88  10  14  12  11  13   9   9  11  13  12  10  17  17  15  11   9  18  14  15
  13  13  17   9  10   8
  97  12  11  14  12  15  15  18  17  14  10  19  19  12  12  10  10  18  13  14
  19   9  15  15  17  12
  88  11   9  12  16  11  13  13  18  18  15  13  13  16  15  11  10  14  17   9
  12  14  16   9   9  11
  99  10  11  10  11  16  12  14  12  16  16  11  19  12  20  20  11  18  17  12
  15  14  15  12  16  17
  55   6   9   9  10  11  10   5   5   6   6   8   5   5   5   8  10  10   6   8
   6   7   8   9   6   5
  62   7  12   9   7   7   9   8   9   8  10  11  12   9   7   6  10   7   7  11
   6   9  11   7   9   6
  54   7   8  10   7   5  11  11   9   5   8   9   6  10   8   7   8   8   8  10
   5  11   7   7   6   8
  54   7  10  10   9  11   7   5   9   7   9  11   7  10   7  11   9   8  11  11
   9   6   8   5   5  11
  79   9   9  13   8  11  12  13  16  11   7  12  13  12   9  15  14  10  15  10
  11   8  10  13  15  13
  62   7   7  10   6   8   9   8  11   8   8  13  11  12   6  12   8   7   6   9
   7  10   6  13   7   6
  76  10  15  12   9   9  14  13  11  16  10  10  15  11  15   9  11  12  10  12
  13   9   9  11  14  13
  88  17  15  10  10  15  10  17  13  13  15  10  10  18  18  11  14  13  13  18
  13  15  16  15  14  15
  56  10  11   5  11   7   6   7  11   8   8   9   7   9  10   9   7   7  12   9
  11   6  11   9  10  11
  79   9  12  11  13  12   8  12  10   9  14  13  13  14  11  10  12  11  16  13
  15  13  12  15  10  15
  80   8  16  10  16  14  11  12  14  14  12  14  16   9   9  12  15  10   8  16
  13   8  12  13  15  14
  53  10   7  10   6  10  10   8   7  10  11  11   7   8   5   7  10   8   7  10
   7   6   8   7  10   5
  90  16  11  10  12  17  18  15  18  11  15  10  17  11  12  11  16  17  12  10
   9  16  13  15  18  17
  87  13  15   9  10  16  14  14  11  11  15  13  12  15   8  18  15   8  12  17
  15  15  10  10  14  18
  59   8   8   5   6  11   8   9   6  12  12  11  10   7   8   9  10  12   9   7
   6  12   9   8   5   8
  75  15  12   8   9  11  15  11   9  13  12  10  15   9  14  10  14  13  10  11
  15   8  11   8   9   8
  87  10  10  12  11  15  14  11  13  16  12   9  15  14  15   9   9  16  13  16
  16  13  13  17  14  16
  75  12  14  15  10  11  13   8   8  10  13  13  14  10  13  12  10   8  12   8
  13  10  11  15   8  15
  89  18  12  18  15   9  15   9  12  18  12  18   9  13   9  14  15  10   9  18
   8  10  18  16  11  11
  78   9  10  12  13  13  13  12  14   8  11  12  16  16  14  14  14  14   8  15
  12  12  10  14  10  12
  65   8   6   8   9  10   8   8   8  12  12  10   9  12   9   8   9   8  10   7
   6   8  11  10   9   7
  74   7  14  11  13  15  13  10   8   7  15  13  11  10   9  11   9   8  15  15
  13  12   7  14  14   8
  70  13  10   9  13  13   9   7  13  12  11   8   7  11  12  11  12   9  11  11
   8   7  13  12   8  10
  56   7   9  11   5  11  11   9   6  11  12   8   7  10   7  10   6  10  11  10
  10   7   8   7   7   7
  92  11  18  17  15  11  11  19  16  17  10  10  13  13  18  18  11  15  17  17
  16  12  14  14  14  17
  69  14   9  14  10  10  11  14  10   9  14  12  12   7  10  12  12   8  13  10
  11  13   7  12   9  13
  73   7  12   9  11  12  13   8  10  10   9   7  12  14  14  11  13  12   8   9
   9  14  13   7  12  12
  84  13  12  11  11  16  14  11  11  12  17  12  16   9  13  14  17  14  10  11
  17  11   9  12  10   9
  97  12  14  14  17  12  15  17  10  11  10  10  13  15  12  17  14  11  11  15
  12  11  12  13  17  16
  80   9  10  14  14  16  12  15   8  11  13  13  16   9  15   9  11  12  16  12
  16  15   8  16  12  11
 100  12  19  19  18  15  15  11  11  19  14  12  13  17  20  14  11  15  11  16
  12  18  10  18  12  10
  52   8   9   8  10  10   7   8   9   9  10   8  11   7   5  10   5   9  10   5
   9   5   9   5   7   6
  88  12  16  11  13  14   9  16   9  18  14  14  17  10  10  12  18  16  11  14
  15  14   9  14  10  15
  97  13  13  20  19  10   9  10  19  10  12  12  19  13  20  13  14  14  19  17
  16  13  14  14  17  15
  78   8  12   9  14  13  10   8  11  13  14   7   9   8  12   9  10  12  15  12
  11  11   9  16   9  12
  96  15  11  17  15  14  16  19  12  10  15  18  15  12  17  16  19  14  18  14
  19  14  18  16  19  12
  85  10  12  14  15  13  15  11  14  14  15  16  11  17  10  16  13  17   9  11
   8  14  12  15  11  12
  99  18  11  10  11  11  12  18  18  17  11  15  15  12  18  16  16  16  11  19
  15  14  19  14  20  20
  87  13  18  11  17  10  16  15  12   9  13  15  16  16   9   9  16  12  10   9
  15  16  14  14  16  12
  96  14  12  13  10  16  13  11  19  10  15  10  10  15  12  13  19  13  17  12
  13  12  18  13  11  16
  87  16  11  16  12  11  15  18  15  13  10  15   8  16  16  15  11  16  17  11
  16  15  11  17  17  17
  79  16  12   9   9  12  13  14   8  15  15   9  13  11   9   9   8   9  10  15
  13  10  16  14  10  12
  88  14  12  12   9   9  15  10   9  14  12  11  16  13  16   9  10  11  11  17
  14  17  14  13  16  13
  98  13  17  16  19  19  15  13  11  15  16  18  15  12  19  13  15  12  16  10
  18  20   9  17  17  16
  52  10   8   6  11   5   5   9  10   7   6   8   5   7   5   7   8   8   8   8
   8   8  10  10   9   6
  95  13  18  18  14  17  11  12  12   9  12  15  10  12  15  13  10  17  14  16
  15  17  17  18  18  18
  65  13   8   9  13  11   6  13  13   6  12  12   8   9   7   7   7  11   8   9
   7  13  12  13  11   7
  94  19  18  14  15  14  10  18  10  10  13  13  15  16  16  11  17  11  12  12
  15  13   9  12  19  16
  88  10  13  17  10  16   9  14  14  17  12  15  12  11  11  13  14  12  13  13
  10   9  14  10   9  13
  83  14   8   8  17   8  14  14  16  16  17  10  14  12  15  16  11  10  15  13
  12   8  12  10  11  17
  90  13  15  13  14  13  16  10  11  15  10  10  10  16  13  17  12   9  13   9
  18  15  15  17  17  18
  53   6   6   7   9   7   9   5   7   9   7   7   7   8  11   8   6   7   6   8
   8   5   8   8   9  10
  54   7  10   7   6   7  11   9   9   5   7   5   6   6   8   7   8  11  10   8
   9   6   5   9  11  10
  91  14  14  17  17  17  15  13  14  12  15  15   9  11  17  12  15  14  16  10
  16  14  12  12  18  13
  99  11  18  11  18  10  10  10  12  10  13  14  18  20  18  11  12  14  10  18
  16  15  14  10  19  19
  95  12  16  15  13  10  12  19  15  16  16  14  14  17  19  19  17  10  12  14
  14  10  15  12  17  18
  90  17  17   9  15  14   9  17  12  13  11  15  17  13  15  17  17  13  14  17
  12  10  18   9  15  16
  71  10   9  11   8  10  14   8  14  12  13  10  15  10  14  15  10   8  11  10
  11  10  14  14   7  12
  51  10   8  10   6   5   8   9   9   7   6   6   9   5  10   8   7   7   9   5
   9  11   8   7   5  10
  80  13   8   9   9  13  15  15  13   8   9   9   9  14  16  15  10  10   9   9
   9   9  15  13  14  15
  83  15  15  10  17  13  13  17  14  15  12  16  16  11   9  10  11   9   9  12
  15   9   8  10  15  14
  63   8   7   7   7  12   8   7   8  10   6  12   8   7  12  11   8  13   7   7
  11   7   6  10  10   7
  70   9  14  12  13  14  12   7  13   7  14  14  11   9   7   8  12  10  11  11
  13  13  10   7  10  12
  87  14  11  12  14  10  14  14   9   9  13  14  11   9  17  12  18  17  11  12
  14  13  15  13  11  11
  77  12  12  13  11  10  10  14  14  15  14   8   7  11  13  12  14   9   9  10
   8   9   8   8  10  13
  80  16  13  11   8  14   8  12  14  16  13   9  10  13  16  10  10   8  10   9
  11   9   9  14  12  12
  76   7   7  14  13  11   8  10  11  15  13   9  10  16   9  12  10  11   9  13
  10   8   8   9  15  12
  88  11  12  16  16  14  10   9   9  15  12  12   9   9   9  10   9  15  18   9
  15  14  16  14  18  12
  55  11   6   8  10   9   6   6   5   8  10  10   9  10   9   9   9   5   8  10
   6   6  11   8   6  10
  96  11  17  14  10  18  12  11  11  15  19  15  19  11  16  14  11  16  11  13
  16  15  10  12  16  19
  79  15  14  12  11  10   9   9  16   8  16   9   9  15   8  13  13  16   8  12
  11  16   8  12  14   9
  78  14  14  11  15  10  10  12  10  16   8  11  10  14  10   8  14  14  16  15
  15  15   8  15  14  14
  93  10  15  15  19  13  19  17  18  14  18  13  16  14  17  18  18  16   9  16
  15  10  11  18  18  11
  75  15  13  13   9  14  10  15  10  13  11  14  12   7  13   9  13   9   9  13
   9   9  10  15   8  14
  88  15  14  17  12  17  15  11  15  16  15  14  14   9  15  14  14  12  13  13
  15  17  11  17  10  11
  50   8   7  10   8   9   8   8   9   9   8   7   5   7  10   6   7   7  10   9
   6   8   9  10   6   9
  83  16  11  17  11  16  12  14  10   8   9  11  12  12   9  11  10  13  11  13
  10  10  12  16  12   8
  78  10   9  11  14  10   8  13  15  14  10   9  14   7  13  11  13   8  15  15
  12  13  10  12  15  11
  65   8  12   7   7   7   8   7   7  10   6  10   7  10   9  13  13   9  13   8
   8   9  12  10  12   7
  50   7   9   7   8   6   5  10   9   9   6  10   6  10   7   7   9   9   8  10
   9  10  10   9   8   8
  50   9   8   5   7   5   6   7   9   6   8   6   6   9   6   6   8   7  10   9
   6   6   7   7  10   5
  91  17  16  14  13  14  15  10  16   9  16  14  16  16  17  13  16  15  14  12
   9  11  11  16  17  12
  81  16  12  15  14  15  12  14  16  14  10  14  10   9  17  17  10   9  15  14
  13  14  10   9  10   8
  83  16  15  11  15  16  10  10  13  13  11  12  17  13  12  15  12  16  14  16
  11  13  12  10  12   8
  51  10   9   7   6   6  10   8   7  10   6   6   6  10   5  10   7   9   5  10
   5   6   8   8   9   5
  51   9  11   7   8   7   9  10   8   5   8   9   8   8   5  11  10   9   9   8
   5  10   6   7   5   9
  75  15  13   9  12   7   8  14  11  15  12   7  10  11  11   8   9  11  15  12
  15   9   9   7  13  13
  89  10  10  18  13  14  13  13  13  13  13  10  17  12  15  13  17  16  11  10
  13  11  10  17  12  10
  89  12  14  15  10  14  10  11  12  12  16  12  11  14  18  16  14  17  15  13
  18  10  17  13  15  13
  72  13   9  13  12  11  14  11  14   8   7  10  15   7   7  11  12  14  12   7
  13   9  13  11  12  13
  67  10  11  13   8   7  10   8  11  13   7   6  11  10  10  13   8  14   9   9
  12  12  13  12  14   9
  64   8  10  11  12   7   9  11   8   7  10  11  12   9  11  12  11   7  10   9
   9   8  10   6  10   7
  69   7  13  12  10  14   7   9  10   7   6   9   7  10   7  12   7  14  12  10
   9  14  10  10  13   7
  57  11   8  11   6   7  10   9   6  12  10  12   7   8  10  11   8   9   7  11
  11  12  12   7   8   8
  78  11  15   9  11  12  14  14   9   9  10  14  16   7  14  11   9  13  15   9
   9   9  10   8   9  11
  89  12  13  11  14  11  12  17   9  11  15  15   9  16  17  13   9  18   9  13
  14  10  12  18  14  16
  51  10  10  10   5   6   6   9   6   5   5   8   6  10   8   8   5   6   9  10
   8  10   6   5   9   5
  57  11   9   8  10   8  10  11   7   8   7   9  11  11  11  12  11   8  11   6
   9   8  11   9   6   9
  64  11   7  10   8  12   6   7  13   8   9  12  10  11   8   6  12  13  13   8
   8  11  10  10   8   8
  83  16  13  17   8   9   9   9  15   8  12  17  11  13  16   8  16  16  14  16
   8  10  16  13  14  14
  78   8  10   8  10  16  15  15  15   9  12  15  11  15  16   9  13  14  11  12
  16  11  11  14  15   9
  85  11  11  14  12  17  10   9  11  14   8   9  17  15   8  12  14  14  15  14
  12  14  10  17  17  12
 100  18  18  20  11  11  11  11  13  11  17  13  15  10  18  15  17  19  20  15
  14  13  19  19  10  15
  92  18  13  13  17  11  11  15  18  18  13  15  18  18  12  11  11  14  11  13
   9  13  16  15   9  12
  98  15  18  18  15  18  14  17  12  11  13  20  20  12  10  20  11  20  17  18
  10  16  13  10  12  12
  59   7  10  11   7  12   6  10  12   6  11  10   6  10   7  10   6   7   7   9
  11  10   8   7   7  11
  67   8   9  10   9   7   7  12  14   9   8   8  12   8   8  10   9   9  10  13
  12   8   7  14  12  12
  67  11  11   7  14  10  13  12  14  11   6  14  12   9   7  13  14   9  10   8
   7  12  10  11  10   7
  63  12  13  12  11   9   7  12   9  10   8  10   6  10  12   9   8  12   7  11
   9  11   6   8   9   8
 100  20  13  17  13  14  17  18  12  11  15  10  14  14  10  18  19  15  15  19
  18  14  19  15  14  17
  97  16  10  19   9  14  11  16  13  13  10  19  12  13  19  15  11  10  17  15
  13  19  16  14  14  10
  85  11  17  11  10  15  10  10  16  10  12   8  16  11   9  16   9  13  15  15
  12  15  13  13  15  13
  88  11  11  17  17  17  15  10  15  15  14  17   9  14  16  14  15  15   9   9
  18  10  14  18  12  14
  71  10   7  14  13  12   8   8  10   8  13  13  10  14   9  12  11  12   9  10
  14  10  10   7  10  12
  99  10  12  18  10  11  11  11  20  11  20  14  15  13  10  10  20  16  16  14
  20  13  16  20  10  20
  84  13  10  10  15  14  12  14   9  12  16   8  16   9  16  16   8  17  15  11
  10  13  11  12  14  16
  84  17  16  10  14  11  10  14  11  10  10  17  15   9   8   9   8  15  16  14
  14  12  16  11  14  17
  96  10  13  20  19  20  20  15  11  13  17  19  12  12  18  11  19  12  19  11
  20  19  13   9  13  15
  87   9   8  10   9  18  13  17   9  15  14  12  13  18  10   9   9  12  13  12
  15   8  13  16  16  10
  61   7  11   7   8   8   9  11   9   7   7   7  11  11   6  12   7  10  12   9
   7  13  10  11  12   8
  70  14  11  13  11  12   8  11  13   8  11   8  11   8  11   7  14   7   8  11
  14   7  10  10  11  12
  54  10   8  10  10  10   7  10  10   6  11   8   6  10  10   9   5  10   9   6
   8   6   5   6   7   6
  61  10  12   7   9   6   8   9  12  10  11   8   9   6  10  10   8  10  11   8
   7  10  11   9   7  12
  71  13  12  14   7   7  13   7  10  15   9  13  14  13  14   9   9  10   7  15
   9  10   7  13  10  10
  73  12   8  11  12   7  13  14   7  14   9  15  10  12  11  15  10   9   9   7
   9  12  12  14  12  15
  98  20  15  11  18  11  13  10  18  14  11  15  11  12  15  18  11  10  10  13
  17  19  17  16  19  10
  54   9   8  10   6   9  10   6  11  10   9  10  10   9  10   9   6   7   8  10
  11   8   8   9  11   8
  81  15  15  11   9   8  16  10  13  11  11   8  14  13   9  11  14  15  14  15
  12  15  12  16   9  15
  75  10  12  14   7   9  13  13  14  11   9  12   7  12   9   8  11  11   8  12
  15   8  15  14   9  11
  85   8  14  17  11  13  12  14  12  13  12  15  11  17  13  12  10   9  16  16
  17   9  17  10  15  12
  52  10   9   8  10  11  10   5   5   7   9  10  11   6   5   6  10   6  10   6
  10   9  10   7  10   9
  77  14   9   9   9  15  15   9  15  12   9  13  10  13  10  14  10  15  14  11
  13  11   9  11  11  11
  57   8   9  11   6   8  11   7  11   9  12   6  11  11   7  11   7   9   5  12
  11   9  10  11   7  10
  95  18  10  19  16  18  10  18   9  17  11  14  14  12  18  13  15  13  14  16
  15  19  16  19  14  19
  79  15   8  10  16  12  11  14  15  13  15  11  10   8  13  12  10  10  14  11
  13   8  12  14   8  10
  80  10   8  11  15  14  15   9  12  14  14  13  11  10  13   9  11  10  13   8
  15   8  16  12  14   9
  87  11   8  18  10  12  13  15  16  10   9  13  18  15  12  15  15  12  14  13
  12  13  13  11  14  17
  86  14  14  14  10  14  12   9  15  11  16  13  16  15  12  10  17  17  13  17
  10  11  11   9  16   9
  90  16  17  10  10   9  13  12  18  14  13  16  15  16  17  17  16  11  14  18
  11  16  16  16  17  13
  51   6   7   7   5   9   7  10   7   8   7   7  10  10   6   8   5   7  10   7
   9   9   7   5   6   6
  70   8  12  10   7  11  12  10   9   7   7   8   7   7   7   9  12  11  12  10
  11  11   8  14  12   9
  55   8  11  10   9   7  11   5  10   6   8   7   5  11  11  11   7   5   9   7
   8   7   8   7   7   6
  80  12  11  11   9  14  11  16  15  13  14  13  12  10  14  11  11  15  11  11
   9  11   8  10  12  12
  56  10   9   7   8   6  10   7  10  10   6  12  11   8   6   9   8   7   7   9
   6   6   9   8   6   8
  93  18  12  16  16  17  14  14  11  16  15  13   9  11  19  12  13  17  17  14
  14  15  10  17  13  13
  99  11  12  19  14  16  16  10  16  17  18  10  10  15  10  20  19  20  19  10
  15  11  10  10  17  17
   1151   1145   1170   1117   1162   1120   1135   1145   1129   1135
   1143   1168   1133   1162   1158   1166   1146   1147   1164   1161
   1124   1138   1166   1175   1139
