MK200.03.D
 200  25
  82  16  11  14  13  11  15  14  11  16  12  16   9  17  14  11  14  11  11  12
  11   8  12  16  17  10
  77  15  12  13  13  13  12  13  13  16  14   7  13  12  15  16   8  14   8   9
  10  10  16  10   9   7
  82  14  14  12  14  12  12  15  11   8   8  14  15  14  17  10   8  15   9   9
  11  17  12  14  13  16
  50   7   8   5   5   6  10   6   9   8   6   7   9   8  10   9   9   6  10   5
  10   6   9   7   6   7
  54  10  10  10  10  10  10  11   9   8   8  10   6   8  10  11   6  10  11  11
   7  10  11   6   6   8
  60  11   6  10   9  12   8  10   7   7  11  12   6   9   7   9   8   8  12  12
  11  11  10   6  12   8
  93  13  18  15  19  10  10  10  19  18  13  18  16  18  18  11  12  19  16  17
  18  19  14  15  17  10
  75  12  11   9  12  15   9   8  14  15  15  15  10  14   8  15   8  11  15  13
  10   7   8   8  13  15
  87  12  13  10  15  15  13  17  12  10  14  14  18   9  11  14  14  13  16  14
  14  17  10  15  17  13
  78  16   9  12  11  14  12  14  13  12   9  12  10  13   8  12   8  13   8  13
  10   9   8   9  16  13
  96  16  14  18  11  11  15  17  17  14  11  13  18  11  18  17  16  11  18  20
  14  12  15  11  14  19
  54   6  11   7   9   5   8  11  10   8  10   6   8  11   7   7   6   9   8  11
   6   8   8   9   8   6
  94  15  19  17  19  15  19   9  19  12  18  12  11  14  15  13  18  14  13  10
   9  13  11  13  10  15
  72   8  14  15  11   8   7  13   8  11   8   8   7  15   7   7   8  14  15  14
   7  15   9  10  10  14
  53   6  10   5   7   8   7  11   8  10   7  10   8   9   7   5   9  10   7   7
   6   8  10   7   8   6
  70  12   9  10  13  13   7  13  10   7  14   9  14   9  11   8  12   7  12  10
  10  12  12  10  13  13
  56  10   6  10   6   7  12  10   6   7   7   6   8   7   6   9  12  10   9   8
   6  10   7  11   9  11
  92  14   9  11  13  12  15  11  11  12  14  11  17  12  13  13  10  11  11  19
  16  16  16  18  10  10
  60  11   8   8  11   9  12   8  10  11   7   9   7  12   6  12  12   8  11   7
  10   9   6   7  10  12
  94   9  15  11  16  14  17   9  13  11  11  13  18  16  14  11  13  15  16  18
   9  11  11  10  17  16
  96  14  16  20  18  20  17  12  17  19  14  14  10  13  14  19  10  19  12  13
  13  13  11  15  20  11
  65  11   8   6   9  11  11   6  11  11  11   8  10  11  13  11  13  11  13  11
   6  10   6   7   9   9
  71   8   8  13   7  12  13  14   8  12   9  11   7  15   7  14   9  13   7  13
  10   8   7  12  13  12
  92   9  18  13  10  10  10  17  10  10  11  13  15   9  17  18  12  12  14  17
  12  13  16  15  16  18
  80  10  14   8  13   9   8  12  13  12  16  11  11  16  13  10   8  13  15  15
  11  15   9  15  13  10
  73  14  13  14  11   8  14  14  11  13  15  11  12  11  11  13  15  10   9  11
   9  15   8  12   8  10
  90  12  10  11  11  14  10  15  17   9  17  11   9  16  16  14   9  12  13  18
  13  10  16  15  10   9
  51   5   5  10   6   8   7   8   9   9  10   8   8   7  10  10   8   8   8   7
  11   6  11   9   8   7
  88  13   9  17   9   9  16  18  17  16  12  14  13  12  11   9  13  11  15  17
  11   9  10  15  14  13
  98  17  10  13  16  16  18  18  15  16  16  16  16  14  10  10  12  17  11  18
  13  20  11  16  12  10
  97  13  14  10  15  19  19  12  12  18  16  19  15  19  18  14  13  12  18   9
  11  12  18  14  18  12
  67   9  10  12   9   8  13  11  13   6  11  12  12   8  10  11  13   8  10   8
   9   8   9  10   9  12
  63   9  13  12   7   6   6  11   6  12   9   7   7   7   8   8   9  13  13   8
   9   7  11  11  12   8
  86   9  17  13  17  16  16  13  14  12  12  10  16  15  13  14  13  17  16   9
  17  17  11  13  13  11
  69   8  14  11   9  12   9  11  11   7  13   6   7  12   9  11  13  10   9  12
   9  14  12  10   8  14
  99  19  16  10  11  11  15  20  20  19  12  14  13  11  19  16  17  14  10  11
  14  19  10  16  14  19
  80  12  15  10   8  12  10   8  16   8  12  10   9  15  13  10  12  12  14  12
  15   9  13  13  12  16
  70   8  12   9  13  13  11   9  14  13  10  10  14  13  13  14   9   8  10  11
  12  14   9  12   9  11
  94  13  13  17  12  12  18  19  18  19  19  10   9  17  19  16  13  10  19  11
  16  14  16  10  13  10
  64  11  12  12  11   7   7   6  12   8   9  11  13   9  13  13  10   9  11   8
  13   8  11   6  10   9
  70  14   8  10  11  12   8   7  13  14   7  13  10  14  11  13  12  14   8   9
  14  10   7   7   9  10
  67  12   8  11  10  10  10  11   9  12  13  11  13  13   8  10  11  13   9  11
  12   9   7  12   8   9
  83   8  17  11  15  14  16  13  16  10  17  13  12  15  15  10  16  13  11  16
  16   8  12   8  13  12
  94  10  11  12  17  16  13  13  15  13  14  16  19  13  13  14  11  18   9  13
  18   9  11  12  17   9
  59  10   8  12   8   7  11  10  11  10   9   8   9   8  12   7  11   6  12   9
   5  12   8  11   9  11
  84  13  16  10  15  15  10  13  11  13   8  16  16   9  12   8  12  17   9  13
  11   9  17   9  11  13
  99  11  17  13  15  13  14  20  14  12   9  17  12  12  13  12  17  20  12  20
  12  18  11  10  11  18
  68  13   7  13   9   8  13   8  12  12  14  10   7  10   9  10   8   9  13   9
  14  10   8  12   8   8
  53   8   6   9   6   7   7   6   6   6   6   5   8   6   8   7   5   7  10   7
   7   8   6   8   9  10
  93  13  16  10  15  19  15  12  16  18  12  12  17  17  18  15  17  14  10  17
  14  11  18  15  18  14
  51   6   7   9   7   6   8   8  10  10   9   9   8   5   6   9   9   5   6   9
   6  10   8   7  10   8
  81  10  15  11  13   9   9  13   9   8  10   8   8  16  16  10  17   8  14  15
  10  15   8   8  10  13
  53   7   7   6   9   7   7   9   8   7   8  10   9   6   7  11  10   8   8  10
   5  10   5  11   8  11
  92  11  13  15  13  16  10  10  18  10  19   9  15  11  14  16  17  16  17  13
  17  17  10  15  17  16
  98  16  19  14  15  11  11  14  12  19  18   9  16  13  14  19  20  11  20  13
  14  10   9  11  16  18
  55  10   8  10   5   6  10  11  10   9   9   7  10   9   6  11   5   7   8   8
  11  11  11  10   5   6
  87  17  11  11  17  12  14  11  10  16  15   9  13   9  15   9  16  10  13  18
   8  11  15   9  17   9
  82  17  11   9  13  11  15   9  16   9  17   9  12  11  13  17  13  10  16  15
  11  12  10  13   8  13
  83  14  13   9  16  12  12  12  12  13  12  13  10  16   9  17   9  14  10  10
  12  10  13  13  10  11
  85  15  11  12  16  17  10  17  14  11  14  13  12  16  14  15  16  15  17  10
  10  13  13  10   8  15
  87   9  13  16  18  11  13   9  15  17  15  14  17  15  14  17  12  18  13  16
  13  11  16  13  10  16
  76   9   8  13  11   9   9   8   8  12  11  15  10  13  10  10  10  11  12  13
  11  15   9  14  14  16
  99  10  19  15  13  19  13  16  11  13  10  17  12  19  15  10  15  13  12  13
  18  11  19  19  11  11
  88  14  14  14   9  14  12  14  14  17  14  11  16  18  13  17  10  15  17  14
  10  18  12  11  11  10
  68  11   8  13  12  11  13  10   9   6  12   9   9  10  11  13  11  12  13  13
   8  10   7  13  13  12
  62   9   7   7   7   6   9  13  13  12  12   9   7   7  11   6  13  12   6  11
  12   9  12  10   8   9
  53   8  10   9  11  10   7   6   5   9   5  10   6   8   5   5   8  10   7   9
   6   9  10   9  10  10
  67  11   8  10   8  10   8   9  10   7   8   8  12  13   7  13  13  10  13   7
  11  12  11   7  10   7
  72  11  15   8   7   9   9   9  11  10  14  12  11   9  10  12  11  13   7  13
  10  11  13  14   8  10
  75  11  12  15  15   8   8  11  12   9  10   9  11  15  10  14  13  11   8  14
   9   9  10  10  12  12
  70   9  11  10  14  14   8   8  12  12  10   7  11  10  14  13  12   8   7  14
   7   8  14   8  14  14
  51   6   5   8   5  10   6   7  10   6   5  10   9   7   8   5  10   7  10   9
   7   9   9   7   5  10
  59   8   7   6   6  12   6   9  12   9   9  11   6   9  10  11  11   7   9  11
   8  11   7   5   8   6
  65   6   7   7  10   8  10  10   8   7  11   8   9  11  13  10  12  13   8  13
   6  11  13  11  12   8
  57  10   9   5  10   6   7   7   7   9   7  12  10   7  10   6   6   8  11  10
   7   6   6  11   6  11
  57  11   9   7   8  11   7   9   8   6   6   9  11   6   9   9   6   9  11  10
  10   7   7   9   7   8
  56   6   9  10   8  10   6   5   8   8   6   6   6  10   5  11   8   6   6   8
   7   7   8   7   5   7
  94  16  10  15  17  11  15  10  12  15  12  10  16  14  19   9  15  12  13  12
  17  14  10  10  17  10
  75   8  13  12  11  12  13  12  13  12  10  11   7  15   9  13  15  12   8  14
   9  11   8  10   9  13
  75  15  10  13  11  14  10  13  14  15  13   8  12  12   9  11   9  15  13   9
   8  12  15   8  14  10
  92  13  12  17  12  13  18  18  17  16   9  18  16  14  12  18  11  14   9  12
  18  10   9  15   9  10
  62   8  10  13  11  10   8  11  10  12   8  11   6   8   8  10   9  12   9  11
   9  10  13  12   8   7
  74  12   9   9   7  14   9  11  10   7   8   8   8   9  11  14  13  12  14  13
  12  14  11  15   7  10
  84  15  12  14   8  16  11  11  12  16  17  10  14  13  16  15  11  12  13   9
  10  11  12  15  17  17
  96  18   9  16  17  16  16  13  10  14  19  16  10  12  20  11  10  10  20  15
  11  15  15  10  15  12
  90  10  14  13  11  17  10  18  10  12  17  10  17  10  17  13  12  14  13  11
  13  14  13  10  17  11
  61   9   8   6   8  11   7   9   9  10   9  12  10  11  12  11   7   9   6   9
   7  13  11  11   9  10
  67   7  12   8   7   7  10   7   8   7  12  10  13  11   8   7  13   7   8   9
  11  13  11   8   7   8
  61  10   7   9  11  13  11  11   7  10   6   7   8   8  12  12   9  11   8   6
  10   9   6   8   7   7
  74   9  11   9  12  11  10   7  11  13   7  14  11  13  12   8  13  11  11  10
  10  14  14  11   9  14
  90  13  15  13  15  14  18  14  10  17  12  14  11   9  14  13  16  10   9   9
  18  10  16  18  12  15
  71  11  13   7  11  10  13  10   9  14   7   7  11   8   9  10  13  12  10  13
   9  14   9   8  13  15
  78   8   8  11  11  16   8   8  14  10  10   8   8  10  16  11  13  16  12  14
  15  12  15  10  14   9
  95  17  15  19  10  16  17  17  10  19  15  14  17  18  19   9  10  10  18  15
  15  19  19  10  13  16
  84  14   9   8  15  15   9  13  15   9  12  16  14  10  16  16  12  16  14  17
  13   8  12  17  11   9
  73  10  12   8  10  12  14   8  12  12  15  10  12   9  15  10  14  13  10  10
   8  10  10  13   8   7
  96  10  15  17  19  12   9  19  14  10  17  12  14  15  19  16  13   9  12  15
  17  11  16  16  11  16
  97  11  13  14  18  19  18  12  12  17  18  10  15  11  18  12  14  11  10  20
  19  15  11  10  16  18
  85  17  15   8  17  11  10  10  10  14  17  14  10  13  12  12  15  12   9  15
  15  17  10  13  13  10
  63  12  13  10   7  12  12   8  11   8   9   6  12   6  11   6   9   8  11  13
   7  10   9  13   7  10
  72  11  10  11  15   8  13  11  12   8  10  14  10  13   9  10   8   7  13  14
   9   8   8   7  12  14
  80  16  10  10  16  12  10   8  13   8  14  10   8   8   8  15  13   9  16   9
  13  12  16  14  14  12
  81  13  15  14  12  12  10  11  15  14  14   8  13   9  11  16   8  14  16  13
   9  10  15  13  14  11
  70   7   7   8   7   9  11  10   8  10   7  12   9   8   7  11  10  11  14   9
  13  11   9   8   9   7
  59  12   6  11   9   6  11   8  11  12   8   8   7   6   7  10  11  10  10   6
  10  10  11   7  11   8
  83  13  12  16   9  14  10  17   8  14  11   9  14   9  14  11  10  17   9  15
  14  12   9  13  13  11
  91  13  11  17  14  12   9  11  16  13  17  12  18  18  10  17  12  11  18   9
  17  10  18  11  17  16
  96  13  13  14  18  12  15  18  18  10  10  18  18  12  14  12  15   9  12  15
  11  18  16  10  19  15
  74  15  12  12  13  11  12  12  10  10  10  14  13  10  12  11   9  14  10   9
  12  12  12  13   8  10
  59  10   8   8  12  10  12   8  12  12  10  12  12   7  12  12  10   6  10  11
  11   7   8   9  10   9
  62   9   9   7   9  11   8  10  11   8  12  11   7   9  11   8   8   9  13   9
  10   6   7   7   7  11
  73   9  11  14  14  11  14   9   8  12  11  11  14  13  11  14   8  11   8  12
  12   9   9   7   8  13
  96  14  11  13  13  14  11  17  12  10  13  14  15  16  17  15  10  18  18  11
  15  11  10  17  11  14
  58  12   8   8   7  10  11   9   8   6   6   9  11   8   7   8   6   9   9   8
   6   8   9   8   8   6
  88  15   9  15  18  14   9  10  11  10  12  11  16  10  13  17  18  16  18  14
  18  12  18  12  17  10
  66   9   8   7   8  11  13  10   9  10  12   9   7  10   9   8  12  11   6   9
  12  14  10  13  12   7
  84  12   9  17  15   9   9  14  15  10  16  10  17  10  10  15  13  11   9  17
  16  12   8  12  16  12
  78  13   9   7  13  11  16  16  10  15   9  14  10  12  13  14   8  13   8  15
   8  13  13  15  14  11
  68  12  13  10  11  13   7   9  13  13  10  12  10  11   9  14  13   9  11  12
  14  10  12   9   7  13
  51   6  10   6  10   8   9   7   5  10   5   8   6   7  10   9   6   8  10   8
  10   7   9   5   5   5
  58  11  12  10  10   8   9  11   6   8   7   6  10   8  11   7   9   7   9   7
   7   7  11  11  12  11
  76  15  15   8  13  10   8  15  12  14   7  10  16  12  16  11  14  12  14   9
  10  12  15  11  13   9
  76  11  11   9  10   8  10  13   9  10  11  10   8   9  13   9   8   8   8  10
   9  14  14  10  14  15
  73  13  11   9   9  14   9  14  13  11  11  12   8   9  10  14  14  14  13   9
  13   8  14  10  13  10
  81  13   9  12  13   9  10   8  16  16  10  10  16   9  12  15   9  12  12  14
  16  13  12   8  15  14
  94  16  18  11  16  13  16  16  16  11  10  10  14  14  18  10  12  11  16  18
  10  17  16  19  16  12
  92  18  15  17  13  12  17   9  13  11  18  15  11  16  10  15  13  18  14  15
  13  11  11   9  16  12
  96  16  20  18   9   9  17  11  17  11  13  13  15  13  17  15  19  16  15  12
  16  18  16  12  19  11
  56  10   8   8   8   5   7   6   7  11  10   7  11   8  11   9   8   6  10   9
  12  11  11  11   9   6
  53  10   9  11  11  10  10  11   6   5   9   7   5   5   6   6   7   6   6   5
   9  10  10  11   5   7
  93  14  17  18  18  17  14   9  10   9  17  18  12  15  17  12  17  10  18  19
  16  16  13  12  12  15
  72  11   9   8  15  13  14   7  11   8  13  11  10   8  14   8   8  13   7  14
  14  10  11  14  12  10
  68   7  11  14   8   7   7   7   8  11   9  10  12   7   7   7   9  10  10  12
   7  10   8  10  11   7
  80   8  12   9  14  14  15  13  11  11   8  13  16  11  11  10   8  14  16  16
   8  11  16  14  15  15
  67  11  13  13  10  10   8  12  12   9   8  10   8  12  14  13   8  12  10   7
  11   9   7   8  10   8
  50   5   9   8  10   8   6   9  10   6   7   7  10   9   9   6   6  10   6   8
   7   5   9   8  10   7
  64  12  11  12  10   8   9  12   8  10   7   9  13   7   9   8   8  12  10  11
  10   6  11   9  11  10
  78  16  13  11  13  10  14  15  12  15  12  15  12  10   8  10  11  13  11  12
   9  11   7  13  12  12
  82  10  10  14  12  11  14  14  11  16  14  13  16  10  17  14  15  14  12  12
  11  16  10  11  11   8
  97  15  14  12  11  11  13  18  14  16  16  15  18  16  12  15  10  19  16  14
  19  12  10  16  11  13
  64   6   8   8   9   7   6   8  12   9   9   6   8  12   7   8   8   8  13  12
   6  10  10   6   7   8
  97  10  11  11  19  17  12  13  14  13  18  11  15   9  14  13  10  12  16   9
  11  14  19  11  19   9
  99  19  19  17  14  17  20  12  19  20  19  15  16  10  12  18  15  16  20  10
  19  11  16  13  13  14
  57  11   8  11  11   8  11   8  11  11   8  10   9   9   9   6   8   9   6  10
  10   6   9   9   9   8
  60  11   8  10   9  12   7  11   7  10  11   9   6  10   8   9  10   9   8  12
   9  11   8   6   9  10
  96  11  16  12  10  13  11  13  18  11  16  15  17  11  10  12  11  10  19  17
  14  19  11  11  10  18
  73   7   8   9   9  12  11   9  12   7  14  12  12  12   7  12  12  14   8  14
  15  11   9   9   9   8
  62  10   7   8   6  10   7   6   7  11   6   6   6   6  11   6   7  12   9  12
  13  12  11  11   6  11
  59   7   7   9   8  11   9   9  11   7  10   7   7  11   8   8  11   6   6   6
   7   6   9   9  10  12
  77  13   8   9  13  10  11  11  14   7  15  14  13  16  16   8  15  12   9  14
  15  14  14  10  12   8
  82  14  10  17  16   9  14  13  13  10  10  16  13  13   8  17  11  11  12   8
  16  15  12  14   9  11
  76  14  13   7  10  11  14   8  15  15  10   8  14  13   8  13   7  11   8  14
   9  15  10  13   7  14
  73  14   8  12  14  15  12   8   7  15   8  10  12  15  13   9  14  14  12  13
  12   9   8  10  11  11
  89  12  11  18  10  10  13  14  14  14  17  16  12  11  18  15  13  18  12  11
  17   9  17  17  17  11
  78  13   8   9  13   9  11  11   7  10  12  15  13  15   8   8  12  11  12   9
  11  12  11  15  15   8
  58  10   5   9  12   9   8   9   9  10  11  11   8   8   8   6   8  11   6   8
   9  11   8   6  12  10
  84  16  12  11  15  16  16  10  14  15  10  14  15  13  10  15  15  16  13  14
  13  17  17   9  15  10
  74  13   9  13   8  15  10  15   8  13  14   7  10   7  10  15  15  13  15  11
   7   7  10  11  15  11
  93  19  18  14  10  11  10  16  13  16  14  10   9  12  13  11  11  10  18  15
  11  10   9  17  10  14
  90  15  15   9  18  11  17  13  13  14  15  16  14  13  15  16   9   9  10  11
  10  10  12  12  16  10
  86  12  11  11  12  13  11  13  11  10  16  16  17  14  14  10  17   8  15   9
  13  12  10   9  17  11
  75  12  15  10  14  13  12   7  13  10  13   8  11  14  12  10  13   9   8  13
   8   9   8  11  11  10
  75   9   8   8  11   7  15  10  15  11  12   7  15  12  15  14  12  12  13  15
  11  15   8  11  10  11
  54  10   6   8   7   7   7   7  10   8   7   5   6  10   9  10   7   8   5   7
   5  10   8  10   6   7
  53   9  11   9   6   8   7   6   5   8   5  11  11  10   6   9  11   7   5   6
   6  11  10   7   7   7
  72  12   8   8  12  10  14  10  11  13   9  13  15  10   9   8  14  10  14   9
   7  13  11  13  12  14
  55  10  11   9  10  10  10  11  11   9  11  11   7   9  10  11   8  11  10   6
   8   8  10   8  11   6
  58  11   7  11   7   6  10   7   9   8   8   7  11   6   6  12   6   8   9  11
   8  11   7   8  12   8
  60   8  12   6  10   6  11   9  11   9   8  10   8   6  11   7   8  10   7   7
  10   9  10  10   6   9
  67   9  14  10  12  12   6  13  11  12  10   7  10   7  13  10  10   8   7  12
  10   8   7  10  12  12
  88  17  10  15  18  14  13  10  16  14  12  11  18   8  16  11  16  18  12  17
  12  16   8  11  12  14
  99  10  11  14  16  18  20  17  11  13  12  13  15  14  15  12  20  11  14  14
  20  14  20  13  12  17
  85   8  10  17  10  11  17  14  16  13  15  12  17  12  12  10  11  13  12  10
   9  14  13  13  16  17
  77  12   8  12  13  12  12   9  13  11  11  10  10   8   8  10  15  11   9  12
  16  16   8  11  13   9
  58   6   8  12  10  10   8   9   6  12  12   7   7  11   9   7   7  10   7   6
   9  12   7   8  12  10
  70  13   9  13   7   9   8  11  13  13   7  14  11   7   9  12  12  13   9  13
   9  10   8  14  12  14
  70   7   9  13  11   9  14  11  11   9  13   9  13  12  12  12  14  12  11   7
  13  11  11   9  14   9
  73  12   8   7  14  12  10  15  11  12  15  14  12  15   8  13   7  12   8  15
  10   8  13  13   7  13
  97  17  19  20  12  10  12  10  14  18  14  18  12  19  20  12  13  19  12  10
  17  20  19  11  14  17
  57  10  11  10   9   6  11   7   8   9   8   8   7   8   8  12   9   5   9   7
   6   7   6  11   6   6
  68   7  14  13  10  12   6  10   9  11  13  12  12   8   8   6   7  11   8   7
  14   9   7  10   9  10
  90  12  11  15  12  11  13  16  17  13   9  13  17   9   9  15  12  13  14  13
  10  16  12  13   9  13
  79  16  12   7  12  16  11  13  12  15  14  13  12  14  11  13  12   9  11  14
  13  14  16  15   8  15
  52   9   6   5   6  10   8  10   6   7   7   7  10  10   9   9  10   9  10   8
  10   7   7   8  10   7
  64   9  10  13   8   8  13   9  11   7  13  10   8   9   9   9   9  10   9  12
  12   8  11   6  11  10
  94  13  14  15  11  10  12  11  10  15  18  13  19  11  11  19   9   9  19  15
  11  15   9  13  18  17
  88   9  11  11  10  17  14  16  16  12  17   9  10  11   9  10   8  11  13  16
  11   9  18  13  11  18
  53   7   6   8   5   7  11  11   8   9   9   6  10  10   8  11   6  11   5  10
   6  11   7   9   7   8
  81   9  12  16   8  12  14  11  15  11  16  13  11  16  11  15  14  10  12  11
  13  11  15   9  15   8
  90  12  16  11   9  10  15  12  11  13  11  12  15  12  13  18  18  13  17  15
  11  11  18  15  10  11
  79  15  13  13  16  11  16  14  10  10  11  11  13  11  10  16  14   7  15  13
  15  13  12   9  10  16
  58  11  10  10  10   7   6   7   9  11  11  12   9   9   9  10  10   7  10  11
  10  10  11   7   7   8
  92  12  13  17  13  11  10  17  18  19   9  14  14  18  10  13  11  10  14  13
  18  11  15   9  10  16
  58  10   8   6  10   6   7   6  10   6   7  11   9   8   7  10   9  10   8  11
   7  12  12   8  10  11
  73   9  14  15   9   8   7  12   8  13  12  10  11  13  11  11   9  14  10   7
  10  11  14   9   9  14
  74  11  15   9  14   9  10   9   9  11  12  12   7  15  11  13  14  10  11  14
   9  11  11   8  14  14
  76   8  11  10  11  14  14  12   8   8  15  11  12   9  12   9  10  15  16  14
  11  15  13  14   8  12
  79  15   8  15  12   9  16   9  11  10   9   9  13  15  12   8  15  13  11   9
  10   8  11  12   9  10
  71  12  13   9  14   8   7  12   9  14   9   7  11   9   9  14   7  14  12   7
   7  14  14   7  10  10
  51   6   5   7   5   6   6  10   9   5   7   7   7  10   9   7  10   9   5   9
   9   8   9   8  11   6
   1135   1112   1125   1144   1112   1124   1123   1148   1137   1141
   1098   1151   1121   1145   1149   1119   1138   1137   1162   1116
   1139   1119   1093   1131   1116
