MK200.02.D
 200  25
  69  14  12  13  14  13   6  13   8  10  13   6  13   9  10   9   9  11   8  14
  10   8   9  13   7   8
  65  13   7  12  13   8  10   9   9  10  10  11   6  13   8   7  11  13  13   9
  12   8  10   8   9  13
  69   9   7   8   7   9   8   7   7  13   9   9  12  10  13  14   7  10  10  12
   8  10   8   7   9   8
  95  11  10  10  11  12  11  11  11  16  15  17  10  15  11  17  10  16  15  12
  15   9  12  11  19  16
  76  10  10  12  11   7  10  14   7  10  15  12  12  11   8  16  13  10  12  15
  15   9  15  12   8   7
  61  12   6   9   9   6   7   7  11   9  10  10  10   7  10   7   6  11  11   8
  10   8  11   7   7  12
  64  11  13  10  12  12   7   8   7  12  11   7  10   9  12  12  11  10  13   9
   8  10   7  11   8   8
  83   9  17   9  17  15  16   8  14   9  15  12  13   9   8  11  17   9  12  14
  14  11  15  14  17  11
  55  10   8   7   9   8  11  10   9  11   9   9  11   9   8   7   7   6  11   6
  10   7   9   8  11   6
  66   7   8  10  12  10   8  12  11  12   9  12  10   9  11   9   9  11   6  12
   7  11  12   7   6  11
  57  11  11   9   7   9   6   6   7  12   7  10  11   6  11   9   9   6   9  10
   8  11  11   7  11   9
  54   7  10   9  11   5   8   9   5   6  11   5   7   9  10   9   8  10   9   7
   6   6   7  11  10   7
  96  13  16  17  11  14  18  18  11  13   9  12  10  19  10  17  17  11  15  19
  14  18  14  16  18  19
  89  12  13  11  11  16  13  16  14  16   9  11  16  17  14  12  14  14  11  11
  18  10  12  15  13  12
  59   7   6  10  10  10  10   9   9   7   9  12   6   7   7   7  10   6  10   8
   9  11  12   6   8  11
  57   9   5   7   9   7  12  12   6   7  10  12   9   8   5   5   9   8   9   8
   8  10   7   7   6   7
  87  13  13  15  17  18   9  10  17   9   9  16  11   9  18  11  10  12  11  12
  10  12  12   9  17  17
  69  11  13  12  10   8   7  12   9  13  14  10  10  12  12   7  10  13  11   7
   8  10  13  10  14   7
  51  11   8   7   6   6   8   8   7   6  10   5   5   8   6   8   6   5   7   9
  10   6   8   5   9  10
  87  16  16   9  13  10  12  13  17  11  13  11  10  17  14  18  15  13  10  17
  17  12   9  12  13  11
  84  10  14   8  14  16  10  16  17  17   8  16  13  14  16  10  16  13  12  11
  15  10  13   8  15  10
  60   9  11   9   8  12   9  10  10  12  12  10   9  12   9  12   9   7  10   7
   8  11  11   6   6   8
  83  12  13  17  11  17  15  15  10  10  11   9   9  14  17  11  14  15  13  16
  12  13  10  10  15  15
  98  10   9  12  10  18  11  16  12  10  11  10  19  12  11  16   9  17  18  13
  15  18  19  18  16  19
  58  10  11   8  11   7   8   7   9  10  11  11  12   8   7   8  10   7  10   8
   6  11   7   7  11   9
  57   9   7   9   8   6   7  10  10   8   8  11  10   8  12  11  11   8   6   7
   9  10  10   7   9   8
  75  14   9   9   9   9  12  12  10  14  10  15   8   9  13  13  12  15   9  15
  15  13  11  11  13  15
  64   7  12  13   7  12   9   9   9  12  12   9   7   8  10   8   8   9   9  12
  10   9   7  10   6   6
  64   8   6   6   7   8  12   8   8  12  13  11   8  10   7  12  11  10  11  10
  12   9  11  12   8   8
  67   6  12  11  13  10   8   7   7  13  12  10   7   9   7  13  13   7   8   6
  12  11  13   8   9   7
  78   9  12   9   9  10   9  10  10  15  12  14  14  10  15  11  16  11   8  15
  13  11  12  10  12   8
  95  10  17  14  14  15  10  13  12  16  19   9  13  14   9  13  18  13  12  17
  11  18  13  19   9  12
  80  16   8  13  13  13  12  14  11   8  11  11  10  11  10  13   8  14  14  13
  13  10  15  10  13  10
  71  10   7  12  11   7  13   9  12  13  14   7  13   9   7   7   9  11  11  14
  14   7   7  10   9  14
  71   9  14  11   7  15  13  10  12   9  14   7   9  10  12   7   9  15   8   9
  15   8   9  10   9   9
  76   9  12   8  11  12  10  14  13  14  14   9   8   9  10   7  11  15   9  14
   8  13   9  10  10   8
  73  13  13   7  12  10   7  15  11  11  13  10  14  11  13  13   8  14   7   9
  14  10  14  11   9   9
  56  10   6  11   9   8   8  10  11   8  11  11   9  11  11  12   6  10  10   7
   6   6   8   6   8   6
  56   6  10   9   8   6   8  11   7   6   9  10  10   6   9  11   7  11  10   7
   8  12   8   9   7  11
  64   7   9   8   8   8  11   9   6  11   6   7   8   8   6   7  13  10  11   9
   7  10   6  12   8   7
  98  15  13  14  16  14  15  10  18  17  17  14  14  17  20  16  10  14  15  15
  19  16  15  20  19  14
  70  13   8   9  13  11  13   7  12  12  11  10   7  14  13   8  11   7  11  14
   8   9  13   8   7   8
  86  14  12   8  10  16  10  17  14  13  14  16  13  15  17  13  15  10   9  13
  17  16  17  13  17  10
  56   8   6   8   5   9  11  12   7   7  11   7   8  11   7   8   8   9  10  11
   7   6   9   6  11   6
  99  14  13  15  16  13  14  18  14  12  19  16  12  18  13  14  15  16  20  10
  10  15  19  13  10  13
  51   6  10   8   5  10   9   5   9  10   9  10   5   8   8   6  10  10   7   8
   9  10  10   7  10   9
  89  14  12  10  11  13  16  14  12  16  11  16   8  15  12  12  15  10  17  17
  18  18  14  12  17  10
  73  11   8   8  12  14  13   8   7  10   8  14   9  12  15   8  12  13  15   9
  15   8   9  13  13  14
  63  10  10  10  11  13   8  10   7   6   9  12  12  13   9  12  11   6  12   6
  10   6   9   6  13   8
  58   9   9   8  11  12   5   8   7   9   7   5  10  11  12  12  10   7  10  12
   8  10  12   8   9   6
  66   7   8   7  11   6  13  13  10   8  13   7   8  10  13   7   9   8  12  13
  12   9   9  12  12   7
  65   9  10   8  13  12  11   8  10  11   9   8   7  11  11  10  13   7   7   7
  11  10  10  10  12  12
  68  10  10  13  11  11   8  12   6  11   9   7  13  11   7  11   9   9   8  10
  12   7   8  13  13  12
  84  12  15   9  15  16   9  15  14  13  12  16  11   9  10  12  12  14  16  14
   9   9  14   8  17  15
  89  10  11  10  11  12  15  17  14  15  13  14  10  15  17  12  10  15  16  11
  16  16  15  16   9  13
  98  15  11   9  19  20  12  14  11  19  16  19  17  20  13  20  14  14  19  10
  19  12   9  14  17  13
  70  11   7  13  10  12   8  13  12  11  14  10  14   9  14  13   8  14  11   7
  14  11   7  13  11  11
  58   9  11   8   9  11   7   6   6  11   8   7   9  11  11   5   8   6  12  10
   6  11   6   6  12   6
  86   9  17  15  14  13  12  11   8  16  17  13  16  10   9   9  14   8  14  11
  13  12  17  14  13   9
  57   7   8   7   9  10  11  10   8   7  11   5  12  11   7   9   7   8  11  11
   8   9  12   8  11   8
  97  19  19  10  17  13  12  14  10  18  11  19  18  20  12  16  12  14  17  10
  13  12  12  16  16  19
  63  10   9   8  11  11   9   8  12  11   7  10   9   9  11   8   7   9  11   9
   8   6  10  12  13   8
  91  13  18  19  16  13  13  17  12  11  15  17  10  11  12  14  16  12  14  18
  15  10  17   9  14  12
  97  19  15  17  14  17  16  15  18  15  14   9  10  11  15  15  19  10  18  15
  15  13  13  17  12  16
  55   7   9   7   9   9   7   9  11   7   5   6   9   9  11   6   7   6   9   9
  11  10   9   5  11   9
  71  14  14  11   9   9   7  11  12  13  14   7   7  12  10  13   7   8  13  11
   9  11   9  14  13  13
  67   9  10   7  11  13  13  13   8   7   9  11   9  13  12  13   7  14   7   8
   8  10   9  12  11  13
  98  16  18  20  11  12  20  20  17  19  17  19  10  20  12  18  10  19  13  12
  17  17  11  10  13  11
  85  13  14  10   8  16  10  17  17  16  17  12  12  12  12  15  13  14  12  11
  15   9  16  12  12  11
  76   7  13  14  12  14   9  11   7  13   8   8   8  14  14   9  11   8  14   8
  13   9   9  11  14   8
  53   8  11   7   9   6   9   5  10   9   8   5   7   7   6   8   7   8   8   5
   7  10   7   7   7   6
  77   7  10   8  15  10  13  12  14   8  12  16  13  11  12  11  10  13   9   9
   8   9  15  14   8  16
  80  14   8  11  12  15  11  15  13   9  13  13   9  12  11  16  15  11  15  15
  14  11  12  10  12  15
  51  10  10   9   8  10   8   8  10   7  10   5  10   8   5   7  10   6   6  11
   8   9   9   8   7   5
  50   6  10   9   5   9   6   6   5   7   8   7  10  10   6  10  10   8   6   7
   7   5   7   5  10   7
  92  16  12   9  10  17  17  16  14  10  11  13  10  19   9  14  10  18  18  15
  15  18  15  11  17  17
  94  13  16  11  10  17  19  19  19  10  15   9  12  19  13  13  10  18  15  12
  14  15  19  18  19  12
  81   8  14  10  12  14  10  14  11   9  13  14   8   9  13  11  16  16  15  16
  16  13  16  15  10  16
  57  11   9   7   7  12   6   6  10   8   9  10   9   8   9   8   9   9   9  11
  11   9   9   6  11   9
  82  16  11  11  12  10   9  12  10  13  11  13  11   9   8  10  15  13  12   8
  14  10  15  12  12  17
  60  11   6   8   6   6   6  10   7   6  11  11  11   7  11   7  11   9  11   7
   9   9   8   8   8  10
  91  10  18  14  11  11  18  10  17  12  15   9  11  15  18  16  17  10  16  10
  18  18  18  11  13  10
  52  10   6   5   7   7  10   7   8  10   5   6  10  10   9  10  11   5   8  10
  10   8   9   8   7   6
  88  12  15  14  12  17  10  17  16  12  12  16  11  18  16  12  11  11   9  15
  13  16  16  14  13  13
  91  14  11  13  17  16  16  15  19  10  13  19  17  18   9   9   9  16  17  14
  10  13   9  12  17  13
  76  13  11  10  13  14  14  11  12   8  15  14  13  15  11   7  12  10  15  11
   8   8   9   9  10   9
  84  13  16  17  10  16  12   9  16   9  11  10  12  10  14   9  13  10  16  12
  15  12  12   8  16  13
  88  16   9  14  12  11   8   9  14  10  10  16  18  18  13  16  10  17  14   9
  14  11  17  17  12  16
  95  10   9  17  16  12  10  13  19  15  12  14  15  15  11  15  17  10  17  16
  16  14   9  15  12  19
  52  11   9   9   9   8   5   5   9   7   8  10   7   5   7   8   8   8   5   7
  10   7  10   7   9   8
  94  16  18  12  14  15  11  16  16  10  19  12  11  12  18   9  19  14   9  18
  17  17  10  10  13  17
  94  12  12   9   9  16  12  10  17  10  18  16  15  10  17  12  18  16  16  17
  11  12  17  18  17   9
  70  12   9  10  13  12  10  11   8  11   8  10  10  13  14  11  10  11  14  10
  14   9   8  14  12   7
  95  10  18  15  11  16  11  14  11  19  14  18  14  10  15  16  12  18  19  17
  17  16  10  18  15  16
  81  12   8  10   9  10  12   8  14  15  14  17  10  14  16   8  13   8  11  13
   9  11  13   8  14  10
  67  12  11   7  12  12   6  10   8  10   7  11  10   8  12  10  11   9  10  12
  11   9  12  11   7  10
  54   9  10   5  10   8   7   9  11   8   6   7   6   9  11   6   9  10   8   7
   5   8   9  10   8  10
  96  19  19  12  17  18  11  10  14  19  10  12  14  10  17  11  14  10  15  18
  19  10  13  14  15   9
  68   7  14  13  13  10   9  12  10  13  12  13  10  12  12  10  13  10  11   7
   7   9  11   7   9   9
  82  11   8  10  16  17  12  11  10  13  12  12  13  15  15  14  14  16  16  10
  16  11   8   8  11  11
  79   9  12  13   8  14  12   8  10  11   9   8  13   7  12  14   9  11  11  11
  10  10  11   9  12  13
  66  14  11   7   8   9   9   8   6   7   7   8  10  10   9   9  10   8  11   6
  11  10  13   6  10   8
  73   7   8  11  14   8  11   9  14  11  14  11  13  15  11  10  11  15   9  12
   7  12  15   7   9   8
  58   8  12   7   7   9   8   6   9  12   7   6  12  11   8   7   8  12  12  12
   6   5   6   7   8   6
  80  11  12   8  12  13  15  14  10   9  13  12  10  12   8  12   9  10  15   8
  12  14  16  13  15  14
  61   6  11   8  10  12  11  12  11  10   7  12  12  11   8   7   7  10   6   6
  12  11  12  10   9  11
  77  13  12  10  15  10   9  15  14  15   9  12  13  14  14  10   9  12   7  12
   8   9  15  15  14  13
  50   6   6   5  10   9   8   6   5  10   8  10   8   6   5   6   7   8   9   5
   9   5   5  10  10   8
 100  18  15  12  17  10  12  13  14  16  14  14  17  19  15  19  12  14  18  17
  17  18  17  12  13  20
  74   9  15   8  12   9  13  13   9   8  12  10  10  13  15  14  13   8   8   7
   9  11  10  14  12   8
  86   9   8  10  10  16  13  11   9  10  13  16  12  14  17  15  15  13  12  10
  16   8  12  11  15  16
  76   8  14   9  13  12  15  10  11  12   9  13  15   8   8  15  14  13  12  15
  14   8  13   8   8  13
  90   9  16  17  14  17  16  16  16  17  13  15  13  12  16  14  15  13  17  11
  12  12  16  10  12  17
  88  12  15  13  11  17  18  12  10   9   9  18  13   9  13  18  16  15   9  16
  10  15  10  11  18  12
  93  16  13  11  19  16  15  13  18  15  12  16  16  19  19  15  15  14  17  17
  11  16  18  14  19  16
  69   9   9  14   9   9  10  12  11  10  11  13  13  13  13  11   9   8  14  11
  13  12  14   9   7   7
  97  15  12  11  17  12  16  12  16  13  16  15  12  11  14  13  14  11  16  13
  19  10  16  18  11  11
  69  12   7  11  12  12   9  10  10  12  13   7   8   7   9   7   9   9  13   9
  11  12  11   9   9  10
  58  11   7   8  10   9  12  12  12  12   7   8   6  11   6   8  12   8  11   6
  11   9   7  10   5   6
  73  11   9   8  12  10   9  10  11  14  11   7   9   9  14   9   7   8  11  13
   9  11   8  11  12  12
  91  15  18  15  16  12  10  11  15   9  18  10  10  16  13  18  15   9  18  16
  11  13  14  15   9  10
  65  10   9   9  11  13  13  12   6   6  11   9  12   7  12  11  10   9  11  10
   7  11   7   7   9   6
  96   9  17  19  18  16  16  12  13  11   9  20  16  15  18  18  16  11  16  17
  13  15  16  10  15  10
  50   7   5   5   8  10   6   7   6   7   5   9   6   7   6   6   8   5   6   6
  10   8   8   8  10  10
  83  12  14  12  15   8  12  15  16  16  13  12  14  12  16   8  14  16  17  16
  12  10  16  14  17  10
  59   9  12   6   9   9   6  12   7   9   7  11  10   7   9   6  11  10   9  12
   7  10   8  12   9  12
  91  17  15   9  18  12  15  11  18  17  18  16  16  18  14  12  17   9  18  13
  12  11  12  10  14  13
  66   9   8  14  12   7   7   9  14  11   8  13  11  12  13  13   7   7  12  12
   6  10  13  11  12  10
  74  13  10  15  12   8  13  15  14  15  14  15  10  12   8  11  10  13   7  14
   9  14  12  15   8  15
  57   5  10   5   7  10  12   7   9   8  11   7   6   9  10   6   8  11   8   7
  11  11   6  11  10  12
  52   6   7  10   7   9   9   7   5  11   8   7   6  10   7   6   7   9   7   7
   5   6   7   9   6   5
  66  11   9  14   8   8  11  10   8  10   8  12  13   8   7  13  11  10   8  13
   8   7  11   7   9  10
  70   7   9  13   9  14  13   8   9  12  12  11   9  11  14   9  14  11  14   8
  13  11  12  10   9  14
  59  10   6  11  11   8   9   8  12  12  11   8  10  12   7   7   9  11   7  12
   7  12   6  10   6   6
  83  13  10  16  12  17   9   9  14  11  17  15   9  16  14  11  14   9   9  13
  16  14  15   8  17  12
  59   7  10  11   9  10  11   9   6   8   5   8  12  10   9   7  11   8  12  10
  11  12   8   9   6   8
  97  18   9  17  15  17  13  20  16  12  11  11  15  10  17  16  12  14  13  18
  15  13   9  16  10  11
  73   8  12  11  10  12   9  11  12   8  13   8  15  15  14  13  10  11   8   8
   8   9  12   7  12  14
  62  10  12  12  11  10   9  12   9  13   8   6  10   9  12   9   7  11  12  12
  11   9  13   6  12   6
  91  13  19  10  16  18  17  15  12  11  16  12   9  15  13   9  11  10  13  12
  17  15  18  18  11  18
  53   6  10   7   7   7  10   9   5  10   7   5   5   6  10   8   7   5   5   6
   6  11  10   5   9   5
  55   5   6   8   8  11   5   7   7   7   6   6   7   9   7   6   7  10  11  11
  10  10   9   8   9  11
  58   8   7  10  10  11  11   7   8  10   5  10  11   9   9  11   8   7   7   9
  10   6   7   7  11   8
  93  18  15   9  10  10  16  12  16  14  17  10  11   9  19  16  11  12  16  14
  15   9  12  14  13  19
  53   6   5   7  10  10  10   6  10   8   8   5   8  10   7   7   5   6   7   9
   7  10  10   7   5  10
  78   8  13  15  10  12  15  16  11   9  14  11  14  16  11  13  13   8  10   9
  12  12  15  10  12  12
  76  15  10  14   8  10  15   9  15   8  13   8   9  15   7  11   9  13  11   9
  12   8   8   9  13   9
  68   9   7  12   6  13  11  10   9  11  10   8  13  12  13   8   6   8  11  14
   7  12  10   8  12   8
  92  10  13  18  11  10  10  11  13  11  10  15  14  16  18  13  12  14  12  18
  10   9  17  18   9  14
  64  13  11   7  11   8  10  13   9  11   7  13   7   7   6  11  12   7   8  13
   7   9   7  11  10  10
  62   8  11  13  11   7   7   8  12   9   9   8  12   8   9   9  10  10   6   7
   8  10  10   7  10  11
  95  16  17  15  10  14  17  12  13  13  13  17  18  14  12  14  11  15  13  14
  18  12  19  18  19  10
  83   8   9  15  13   8  11  10   8  14  16  16  14   9  10  12  16  16  10   9
  16  15  14  10  16  14
  94  18  18  19  12  12  16  10  11  11  11  15  14  18  10  13  10   9  10  17
  15  17  17  10   9  18
  78   9  15   9   8  12   8   7   9  11  12  15  14   7   9  16  11   9  13  15
  14  14  12  15  14  16
  82   9  14  11  12   9  14   9  15  14  14  12  14   9  14  15   8  16  13  11
  13  16  13  12   8   8
  68  13   7  12   9  10  11   8   7   8  13  14   7   7  11  14  12  12   7  12
  11  10  14  10  10  14
  56   8   6   5   7  10   8   7   7   9   7   8  11   6   8   9  10   6   9   9
  12   9  11   7  10   9
  88  12  18  10  14  15  15  16  13  11  15  10   9  12  16  12  12  10  10  13
  11  15  15  13  17  15
  71   8  12  10  12  11  12   9  14  14  11  14   7   8   8  13   8   7   8   7
  10  12   9  10  10   9
  53   8   6   5   8  10   8   7   9   6   8   8   5  11  11  10   8   9  11   7
   6   8   7   6   6  10
  83  13   9  14  14  17  10  11  12  17  12  11  10  10  17  15  12  10  15  10
  10  13  15  12  13  13
  88  14  11  11  10  15  14  17  13  10  17  13  17  14  18  11  15  12  10  11
  14   9  11  15  10  14
  58  10   6   8   7   7  11  11   8  11   6  12   6   6   6  11  11   8   9  11
   7   7   6   6  11   6
  60  11  12   8   8  10   8  10  10  11   6   6  10   7   8  11  11   9   8  10
   6   6   7   7   7  10
  59   6   8  12   6  12  10   9   7   9   6   9   6   8   9   9  11   7   6  11
  10  10   9  12  10   8
  73   8  13   9  13  11  13  12   8  12   8   7  11  13  12  10   9   9  12   7
  13  12  15  14  10  13
  95  10  15  18  17  14  12  13  18  17   9  15  13  12  19  11  15  19  19  12
  18  13  12  18  14  19
  72  12  13  10   9   7  10  14  11  13  13  13   9  13  12  11  13  11  15  14
  10  13  12   9   8   8
 100  11  17  20  19  18  16  11  20  10  12  11  10  11  20  13  10  16  14  13
  18  20  19  16  19  16
  92  17  14  10  12  18  16  16  11   9  15  14  11  18  13  12  15  10  18  11
   9   9  10  11  10  12
  51  11  10   9   6   8  10  10   5   6  10   9  10   8   6   7   5   5  10   9
  10  10   8   8   5   9
  84   8  12  14  11  14  11  12  13  10  16  12  10  17  14  11  12  14  12  16
  13  11  14  10  17  15
  93  19  12  19  10  16  16  16  17  18  16  13  17  13  11  16  15  11  14  15
  17  19  13  12  13  10
  97  12  10   9  17  15  15  15  14  17  12  11  10  15  16  14  16  13  14  17
  11  19  20  13  14  17
  85  14   9  16  13  15  17  12  17  14   9  12  15  11   8  16  10  16  17  11
  17  14  11  15   9  14
  80  12  16  12  13  12  12  13   9   8  16  10  10   9  15  14  13  15  12  13
  11  12  11  10  13  15
  76  10  12   8  14   9  15  14  13   9  13  14  10   9  11   9  13  14   9  15
  12   7  11  13  13   8
  71  14  12  10  14   8  14   8  13  13  12  12   8   8  11  11  10  11   9   7
   8   9   9  11   9  10
  67  10   8   9   8   7  10   9  13  12  10   9   9  10   8   7  14  14  14   7
  10  12  10   7   9   7
  83  12  12  15  14  15  11  14  14  12   8  15  15  14  14  12   9  16  17  11
   8   9  14  11  16  13
  98  20  17   9  16  13  20  11  10  15  17  18  20  14  18  19  10  10  13  10
  18  18  12  10  19  11
  83  13  11   9   8  14   8  13   9   9  11  13   8  16  13   8  12  17  15  16
  11  12   9  16  17  10
  70  10  14   8   8   9  12  14  14   8  10   7  11  11  14   7  10  10  13   8
  13  13  13  14  14   9
  76  15  11  11  13  12   8  13   9  15   8   9  14  12  13  12  15  15   8  11
  13  14  12  14  12  10
  59  12  10   6   6   8  10   6   7   9   8   7   9  11   5   6  11   6   6  11
  11  10  11   8   7   6
  69  12  14  12   9   9   9   8  12   7  13   7   9  11  13  10  12   6   6  11
  13  11   9   7   8   8
  62  11   7   7   9  12  11   7   6  11   7  12   6   8   8   9  11   9  11  12
  13  13   6   8   8   6
  82  12  15  12   8  12   8   8  16   9   8  14  11  15   8  10  10   9  11  12
  13  15   8  13  12  15
 100  15  14  11  12  17  14  14  20  10  18  10  20  14  13  18  15  16  11  11
  17  16  20  20  16  12
  71  11   9  10  13   9  11  13  14  11  12   9   9   8   8   8  13  12   7  13
   9  12  10  15   7  14
  81   9  13  16   8  16  14  12  13  12  16  11  11  10  15   9  13  13  16  15
   9   9  12  11  13  15
  95  19   9  14  17  14  17  12  19  14  17  11  13  10  14  19  16  10  14  18
  16  16  15  13  12   9
  66  13   9  13   8  11   6   9   6  12   8   8   8  14   8  12  13   7   7   9
  13   6  10  11   6  11
  76   9   8  12  10  14  10  14  15  10   9  13  15  12   8  13  14  10   8  14
   9  11  12  13  15  10
  92  13  17  17   9  11  18  14  17  18  17  17   9  10   9  15  13  17  13  13
  10  16  14  18  12  15
  73  13  11   8  13  14   9   8   9  11   7   8  11   8  10   8   9  15  12  10
  12  10  10   8  13  12
  52   5   7   7   8   6   6   5   6   9   6   7   7   7  10   8   7   5   8  10
   8   5   6   9   5   6
  50   8   6  10   5   7   8  10   7   5   5   9  10   6   8   8   8   5   8   8
   8   6   9   7   7   7
  53   7  11  10   9   9  11   9  10   7  10   9   9   6   7  10   9   8   7   7
  10   5   6   5   6  10
   1098   1118   1077   1106   1157   1107   1111   1119   1115   1120
   1112   1085   1131   1138   1109   1114   1088   1144   1126   1146
   1103   1141   1081   1132   1096
