MK200.06.D
 200  25
  68  12   8   8  10  11   9  10   7   9   8  12   6  13   9   8  10  12  14  12
   7   9   7   8  10  11
  64  12  12   9  10  12  12   9  11   7   9   6  11   8  13   9   8   8  10  10
  12  12  10  11   9   9
  71  13  10   9  12  13  10  13  10  11   8  14   8   8  11  14  13  13   8  11
  14  11   9  13   9  14
  70  13  13  14  12   9  14   8  13   7   9  11  12  10  13  14  10  10  12  10
   7  12   7  10  14  13
  91   9  11  14  13   9  12  15  11   9  17  10  10  15  11  17  14   9  10  17
  15  12   9  17  13  10
  57   6   6   6   7   9  10  12   9   7   6  11   6   8  12   9   6   8   7  10
   7   7  10   9   5  11
  80  13  14  15  13  16  15  14  10  15  14  11  16  10  16  11  10  11  16   8
  14   9  15   9  13  12
  51   7  10  10   8   6   6   7   7   7   8   6  10   9   5   8   8   8   6   9
   8   5   5   7  10   9
  79  12  13  13   8  12   9  11  13   8  11  12   8  11  12  12  12  13  10  15
  11  13   8  11  16  12
  65  10  13  11  11  11  10  11   9  10   9  13  13  10   9  12   8  13  10  10
  12  12  13  10  12  12
  62   6   9   8  10  12  13  12   8  12   6   9  12   8  11   9  10   7  11  11
  11   8  11  12   6   6
  53   9   5   9   8  11  10  10   9   7   7   9  11   5   5  10   5   7   6   9
   9   8   6  11   6   5
  89   9  18  18  12  17  11  13  11  12  14  10  13  10  10  14   9  12  17  14
  15  10  12  15  14  14
  72   9   7   9   8   8   7  12  14  14  12  13  14   9  11   8  14  12   7  14
   8  10  14  12  10  11
  86  10  10  10  17  12   9  10  15  12  15  10  15   8  16  11  18  16  15  10
  18  13  14  10  10  10
  58  10   6  11   9  10   8   8  10   8   9   9   5   6  12  11   7  12  10   9
  10   9  11   6  12   7
  65  11   7  11  12   8  11   8  13   7  12   7  12   7  10  10   8  13  11  10
   7  12   6  10   9  10
  60   9  11  12   7  10   8  10  11  11   7   8   7   7   8  10   6   9   6  12
   9   8   8   6  10   7
  86  12  14  11  13  13  15  14  14  16  11  15  17  10  16  10  10  11  10  12
  14  11  14  13  11  15
  63  12   6   8   7   9  12  10   7  11   7  13  13  11   7  12   9  11   8  12
   8   9  10  13  10   6
  80  10  15  15  13  12   8  10   8  16  14  10  14  10  11   9  15  16  14  10
  11  16   8   8  14   8
  77   9  16  13  14  14  10   9  12  16  13  10  11   9  10  13  15  13  13   9
   8  15  14  11  13  12
  87  15  17  10  12  17  16  13   8  17  16  16  16  17  13  11   9   9  14  14
  10  11  13  18  15  12
  72   8  13   8  10  14  15  11  13   9   8  11  12  11   7  14   8  10  12   9
  15  10   8   8  14  12
  94  11  15   9   9  17  12  13  18  12  12  11  18  15  17  15  18  15  10  19
  12  17  19  13  12  14
  69  10   8  10  14   9   9   9  12  13  11  13  10  14  14   8  14   9  10  10
   9  10  10  11  11   9
  84  16  16   9  10  12  15  12  13  14  10  11  15   8  16   9  11  12  16  15
  17  11  12  10  11  12
  61  11  11   9  11  12   6  11  10   9   8   6  10   6   6   9  11   7   6   6
   8   9   9   9  12  11
  55   7   7   8   5   8   8   6   8  10   9   8   6   6  11  11   9  10  11  11
  10  11  11  11   9   6
  90  14  16  13  17  18  14  17  13  14  12  18  11  15  11  12  14  13  16   9
  17  16   9  14  10  10
  50   5   6  10   7   9   5   6   5   9  10   6  10   9   9   9   6   8   5   8
   9  10   9   5   8  10
  86  11  17  15   8   9  17   9  16   9  17  17  14  14  17  10   9  16   9  14
  11   9  13  10  14  17
  64  12  12  11  13   8  10  11  13   6   9  10  10   9  10   8  10  10  11   7
  13  13   8  12   9   8
  80   9  10   9  10  10   8   9  12   8  14  12  15   9  16  12   9   8  14  13
   9  11  10  12  16  11
  66  12  13  13   7  14  12  12   9  11  13  13   9  10   7   8  12  11  10   8
   8   8  12   9   6   7
  66  13  11  13   9   7  14  10  11   7  10   7   7  14  11   9  10  12  11   8
   9  10  10   9  11   8
  51  10   7   6   8   9   5   7   7   9   9   5   5  10   5   5   8   5  10   6
   8   9   5   5   8  11
  62  11   6  11   8  11  12  12   6   7  11  11  11  11  10  11  12  12   8  11
   7   6   6  10  12  12
  53   6   6   7  10   6   5   6   9   9   7   6  10   7  11  11   9   8   9  11
   9  10   9   8   7   9
  62   7   8   9  11  12  12  12   7   7   9   8   7  12  12   9   8   6  11   7
   7  10   9  11   9   7
  90  12  15  16  12  14  17  17  17  13  13   9  11  15  11  11  15  16   9  17
  10   9  14  12  15  12
  60   9   7   9   9   7  11   9  10   6  12   8   9  11  10   8   6   6  11  12
   8  11   6  11  11  12
  72   8  12  10  11  10  13  11  11   8   8  14  10  14  15  11  12  14  10   7
  12  13   9  12  12  15
  55  11   7   6  11  11  10   9   8  10  11   9  10  10   9  10   8   9  11   9
  10  10   5  10   9  10
  90  13  14  12  15  17   9  15  16   9  17  16  12  11  14   9  13  12  15  17
  18  13  16  13   9  11
  81  12  15   9  17  11  13  16   8  11  16  13  11  15  15  12  10   8  11   9
  12   9   8   8  13  14
  77  15  13  12   8  15  10   9  14  15   9   9  16  14   8  16  14  10   9   8
   8  11  15   8   8  13
  52   6  10   6   7   6   7   9  10   5   6   6   8  10   8   9  11  10   7   8
   5   6   6   9  10   6
  73  10  15  14  14  13  11  15   9  15  14  14   7  12   7  14   8   8  14  14
  10  15  12  13  12  15
  94  16  11  14  18  17  11  19  12  11  16   9  11  16  18  13  11   9  11  12
  17  18  16  13   9  14
  60   7  12  11  11   6   8   6   7  10  11   8   9   7   8   9  10  10   8   8
   7   9   8   9  10  11
  79   9  14  14  12  10  11  11  16  10  14  13  13  15  15  14   9  11  12  14
   8  12  13  12  14  14
  57  12  10  12  11   6  10   7  11   7   5  10   6  11   7  11  11  11   9   9
   6   6   8   7   7  10
  64  11  10   6  10   8   8   7  12  11  11  10   9   9  11   9  13  13  10  12
  13  11   8  10   8  11
  72   7  14   8  10  10  14   8  11  11  13   9  14  10   9  12  11  13  12  11
  12  14   8  10   9  12
  77  13  12  15  11  11  12   9  14  13  12  11   8  14  15   8  14  14  12  10
   9  14  11  16   8  14
  89  18  17  16  10  12  15  18  15  13   9  17  11  13   9  16  15  18  12  14
   9  13  16  17  16  13
  50   6  10   5  10   5   6   5   6  10  10   9   6  10   9   9  10   5  10   6
   7   7   8  10   6   9
  71   9  11  11  12   9  11   7  14  14   7  10  11  13   9  11  13  12   8   9
  10  13  12  12   8   9
  67   8   7  13  10  14  13  13   7  10  11  13  11  12  12   7  10  14   8  13
  13  11   7   9  10  12
  55   9  11   5  10   5   8  11  10   6   8  10   5  11   9  10  10  10  11   5
   6   7   6   6  11   8
  61   8  12  12   9  11  12   9   6   7   6  10  12   9   7   7   6  10   7   9
  10   8  12   9   8   6
  72   7  14   8   7   8  13  13  11  13   9  10  10  14   7  13  14   9  10  10
   8   9  13   8  14  12
  60  10   9   6  12   8  10  10  11  11  12   7   6   7   8   6  12  10   7  12
   7  11  10  12   8   6
  55  10   7   6   7  10   8   7   9   6   5   7   6  10   8  10   8   7   8   7
   6   8   7   6  10  10
  86  15  17  10  10  10  14  12  17  17  16  16  13  12  14  16  14  16  17   8
  12  17  16  16  18  11
  63   6   6   8  13  12  12   8  10   9  13  11   9  10  12  10   8  10  10   6
  11   6   9  10   8  11
  75   9  12   8   9   9   9  10  13  13  12   8  13  11  14   8  10   8  11  12
  12  13   8  10  15  14
  83  11   9  15  10  16  12  10   9   9  16  11  16   8  10  10  14  11  14  10
  11  14  10  10  14  13
  74  15  11  10   7   7  12  12  10  14   7  12  14  12  13  11  10  10  14  13
   8  15  12  14  12   8
  70  14  10  10  14   7  12  10   9   7   9   7   8  13   8  13  13   8  10  12
   9   8  11   9  14  10
  73   8  10  13  12  13  14  12  10  12  13  10  15   9  13  12  11  12  15  14
  10  12   7   8   8  14
  98  11  17  15  18  12  18  11  11  16  11  13  10  14  18  11  14  20  12  10
  12  19  14  11  10  18
  55   9  10   8  10   7   9   7   9  10  11  11   5   8   7  11   9   7  11  10
   8   8  11   5   7   6
  80   8   8  14  15  10  11  10  12   8  15  13  15  13  12  14  15  16  13   8
  14  10   8  16  15  15
  56   7   7  11   7   6  10   6  10   5  10   6  11  10   8   8   8   6   5   7
  10   8   8   7  11   8
  97  13  12  14  15  17  16  11  17  11  15  14  18  13  19  16  12  18  15  20
  19  14  17  14  13  16
  81  13  11  12  13  16  13  12   8  14  11  10  12  11   8   8  10  12  16  12
  12   8  16  14  11  13
  75  12   9  10  15  12   9  14  12   8  12  12   9  10  10  11  15  13   7  13
  11  15  11  15   9   8
  55   5   7   8   7   9  11   9   9   6   9  10   6   6  10   6   9  10   7  10
   8   8   8  11   6   9
  87  12  10  10  17  10  12  13  13  15  14  11  14  13   9  17  15  16  14  12
   8   9  10  15  17  15
  76   7  15   8  11  12   9  12  15  11  10  14  10  12   9  12   8   8  13  13
  16  14   9  12   8   8
  92  15  15  16  10  10  12  11  15  14  10   9  18  12  17  15  18  11  16  11
  17  16  18  11   9   9
  71  14  13  13   7  14  14  12   9   9  14  10  12   9  14   7  10  12  14   9
  11  14   9  10  10  10
  58  11   9   7  10   7   7   9   8  10   8   8  11   8  11  11   7   8   8  10
   7   6   6   7   9  10
  79  12  14  14   8  16   8  11  16   9  13   9   9  13  14  13  13   9  15  14
  11   9   7  15  11  10
  93  11  16  14  17  12  15  14  11  18  17  17  12  10  17  15  13  13  16  15
  15  16  16  10  13  17
  55  11  10   7   8  11   5   5   6  11   7   9  11   9   8  10  10  11   7   8
   9   8   5  11   6   7
  61   7  13  11  11   6  10  11  12  10   7   9  12   9  12  11  12  12  13   8
   7   8   8   8   7   7
  90   9  15  16  11  13  11  17  16  16  15  17  15  13  18  15  11  12  14  15
   9  15  18   9  11  18
  77  14   8  15   8  10   9   8  13  10  11  10  11  12  12  14   8  10   8  14
  10  11  14  11   8   8
  53   7   5   6   6   8   5   8   9   7   7   7   8   7  10  11   7   7   9  11
  10   8  11   5   6  11
  53   7   9   6   5   9   6  10   8   8  10  11   6   9   6   9   5   6   7   9
   7   6   6   7  11  10
  96  17  16  11  19  16  15  19  16  11  16  13  17  10   9  10  16  19  15  18
  19  19  15  18  17  16
  92  10  14  13  16  12  19  18  17   9  17  13  17  18  17  13   9  15  14  18
  14  18   9  18  11  16
  91  10  13  10  15  12  12   9  18  11  15  16  17  15  14  18  14   9   9  18
  15  12  11  17  15  14
  71  11  14  12   8  13  14  12   9  12  11   7  10   8  12  14  12  13   7  11
   7   9  10   7   7   8
  50   9   8  10   5  10  10   9  10   5   5   7   8   6  10   7   8   7   9   7
   8  10   8  10  10   6
  86  13   9  13   9  14  16  16  11   9  16   9  13  16  11  10  12  14  13  17
  17  16  10  15   9   9
  57   8  10   9   6   9  11   6   7   8   6  10  10  10   8   6   8  10   5  12
   6   6   9  10   8   8
  50   8   5   5  10   8   8  10   9   8   6   8  10   9  10   7   5  10   5   7
   5   9   5   9   9   8
  72  15   8  14  14  12  13  10   9   7  11  12  13  13   7  15   7   7  14  11
  11   8   8  12  10   9
  52   6  10   6   8   7   9  10   7   6  10  10   5   8   6   8   9  10   9   6
   7   7   7   6  11  10
  57  11   6  10  10   9  11   7   6  10  11   8   8   7   6   9   7   9   9   7
  10   5  10   6   7  11
  50   8  10   9   7   6   9   8   6   6   8   9  10   5  10   6   8   9   5  10
   7   8   7   5  10   6
  97  11  15  14  15  16  14  12  18  16  14  15  18  13  15  19  10  11  14  19
  10  12  11  14  17  19
  82   8   8  10  10  11  14  11  13  10  13  12  15  12  10  12  15  11  13  11
   8   9  10  11  16   8
  82  14  16  13  15   8  15  14  16  14  14  11  11  10  12  11  17  13  14   9
  15   8  13  14  16  10
  97  15  20  20  18  11  18  18   9  15  12  14  19  11  10  14  11  14  12  18
  15  13  11  18  15  19
  65   8   9  13   7  12  13   7  13   8  11  11  11  12   6   7  12   6  10  12
  12  12  11  12  12  11
  93  15  15  17   9  11  14  14  15  17  19  15  12  11  13   9  18  13  16  15
  18  11  14  17  15  15
  66  11  13  11  10   8  13  14   8  12   9   7   7  13  12   7   7  12  10  12
   8  12   6  11  13  12
  63  10   9  13  12   9   8  11  12  13   6  12  12  12  12  10   8   7  11   6
   6  10   8  12  12   6
  72  14  11  13   7   9  13   9   8  14   8   9  14   9  11  13  12  14   8  11
   8  12  11   7  10   9
  74  14   8  10  15  10  12  11  11  14  12   7   8  13   9  14   7  13  11   7
   9  11   8  14  12  11
  57   7   6   7  12   7   7   9   5   9   9  11  11   7   5  11   7  10   7  11
  10  10   6  11   5   8
  93   9  14  12  17  15  17  17  10  17  12  14  17  13  15  10  17  15  14  17
  17  15  12  12  17  12
  54   8   8   6   9   9  11   9  10   8   6   5   8   6   8  10   9   8  10   8
   8   7   9   9   7   5
  97  12  20  10  11  20  16  15  17  18  12  16  20   9  10  15  14  10  16  16
  12  19  18  13  15  12
  87  12   9  15  12   8  17  14  17   9  16  11  11   8   8  11  14  17   9  14
  12  17  11   9  13  12
  60   9   6  12  10  10   6   9   7  11   9   7   9   7   6   8  12  12   9  11
   8  10   9  11  11  11
  59  12   9   6   5   7   8   8   7   7   6   8   8  12   8  11   9   5   7  10
   7  10   8   5   9  10
  65  13  10  13  10  11  11   6  12  11  11  10   9  13   9  10  11  13   8  12
  13  11   9  13  12   9
  91  18  13  18  13  17  11  17  10  17  18  12  14  17   9  15  16  11  10  13
  13  13  15  19  11  17
  74   8  13  12   8  11  13  13  15   9  10  14  12   9   8   9  12   7   7   8
   9  12   9   9  11   9
  97  10  15  16  12  11  15  11  13  14  19  20  19  12  12  11  17  18  13  18
  13  12  17  18  20  15
  96  13  15  10  19  15  12  13  18  12  19  10  16  10  20  14  19  13  11  10
  18   9   9  17  13  19
  84  13  10  13  15  13  13  14  16  16  15  15  14  11  12  14  11  11  14  14
  12   8  16  11  12   9
  51   8   9   9   5   9   9   9   8   9   8   6  10   8   7   9   9   5  10   5
   5  11  10  10   6   9
  94  11  11  18  18  18  11  16  17  18  12  16  10  12  10  12  12   9  12  12
  16  12  13   9  18  14
  63  10   8  13   7   7   8   6   9   7  12   8  11  13  12  10   6   9   8  12
  10   8   9  13  10   6
  91   9  18  18  10  12  14  15  13   9  12  16  14  16  10   9  15  14  12  17
  17   9   9  19  12  11
  60   8   8   9  11   9  10   6  12   7   8   9   6   8  11   9  12   7   6   8
  11   8  12  10   7   7
  92  11  14  17  12  10  17  13  15  14  16  13  18  19  15  13  19  14  19  18
  11  17  17  17   9  19
  69  14   7   8   9   7   9  11  12   7   7  12   9  10  13   8  10  10  12  13
  12  12   8  12   7  13
  72  10  13   8  10  11  10  13  10  13  10  12  12  12   7  11  13  13   8   8
   9  11   7  14  10  10
  64   6  13  12  12  13  10  10   7   7   8   8   7   8   8   8   8  13   8  10
  11   6  10  11  10  12
  93  15  18  11  10  10  12  18  13  19  19  18   9  11  19  16  13  12  12  15
  15  18  12  13  12  11
  91  11  14  17  14  18  11  11  12  17   9  12  19  12  13  10  16  18  13  18
  13  18  10  10  15   9
  63  12  13  11   9  12  11   7  11  12   8   7   7  10  11  12  10   8  13  12
   7   7  11  11  13  10
  96  16  14   9  19  17  13  10  19  10  17  10  17  15  10  17  10   9  18  19
  18  14  16  10  17  12
  73   9   9  11  11   8  13  12  12  12  13   9  11  15   7  14  11  12  12  10
   8  14  12  10   8   9
  70   8  13  12  12   9  10   8   8   7  11  14  12  11  10  12  12  11   7  11
   8   8  11  12  10  10
  50   8  10   7   6   5   5   9   5  10   6  10   8   5   6   6   6   8   9   7
   5   8   5   8  10   9
  81  14  10  11  13  11  10  10  12  10  13  16  15   9  14  11  10  15  12   8
  11  14  16   9  15  17
  50   8   7   7   7   8  10   8   5   5   6   5  10   9  10  10   9   7  10   9
   7   5   6   8   8  10
  62   8   9  10  11  10   6  10   6  13   8  10  12   6   6  12  13   7   6  11
   7  11  12  10   6  12
  97  13  16  19  11  15  17  16  19  12  18  17  17  12  14  15  18  10  18  16
  18  11  15  13  11  15
  64  11   9  10  11  13   8   8   6   7  10  12   9   8  11   8   6  11  10  10
   8   8  11   8   8   9
  64  12   8   8  10   8   7  13  12  12   8  10  13   9  12   8   7  12  12   6
  13  12  11   7  11  13
  91  15  18  18  14  11  11  10  13  15  17  15  14  13  16  16  14  16  14  13
  16  11  17  18  16  14
  69  14   9   9   8   9  12  11   9  10   8   9  13   9  11  10  12   8  10  12
   9  11  12  10   8   7
  96  13   9  13  19  16  17  11  18  17  20  17  13  12  12  16  19  19  17  14
  15  17  12  17  16  19
  71  14   8   7  13  14  11   7   9  13  12   9   8   8  12  12  11  13   9   7
  11  12   7  15   8  10
  77  16  13   7  11  11  13  13  12   8  12  16   9  13  13  11  15  10   9   8
   9   9   9  12   8  11
  88  12  18   9  11  15  16  18  17  13  11  16  11  13  12  18  10  12  17  18
  12  13  16  12  16  16
  81  13  12   9  15  15  14   8  13   8  13  14   8   8  16   9  13  16  15  10
   9   9  15  10  14   9
  78  10  13  15   9  14   8   7  11  10  11  13  15  14   9  14  14  15  15  10
   8   9  12  16  11  15
  57  10  10   8   8  11   7   9  12   6  11  11  10   6   8   9  11  10   6   6
  12   9  12  10  10  10
  98  12  17  11  18  13  15  19  10  13  10  15  10  12  11  16  10  13  12  19
  13  15  14  19  19  14
  82  17  14  16  10  11  15  10   9  13  16   8  12  12  14   8  11   9  17  11
  11  16  15  15  10  14
  51   9   6   8   6   6   7   5   7   7   8   8   6   7   5  11   8   7   6   5
  10  10   7   9   7   9
  88  10  15  12  10  10  17  16  13   9  15  17   9  15  14  13   8  11   9   9
   9  12  16  16  15  18
  91  10  14  19  12  14  15  16  10  14  18   9  16  15   9  16  19  16  12   9
  11  14  15  18  18  11
  83  12  10  13  14  10   8  13   9  15   8  16  16  12  13  10  13  14   8  11
  14  14   8  14  15  12
  59   9   9  10   7   9  11  12   8  11  11   9  10   8  10   7   8  11   9   9
   6  11   9   7  11  10
  52   7  10   8   5   6   9   8   6  10   5   9   9   7   5  10   5   5   9   5
   6   9   6  11   7   8
  97  18  16  20  19  17  10   9  19  15  15  10  14  15  16  10  15  14  15  15
  10  14  14  12  13  15
  74  10  13   8  13   9  14  10  10  11   8   8  14  14  11  12   8  13   8  15
  11  14  12  12  14  13
  68  13  13  10  12  10   9   7   9  13  10  14  12   7  12   9   7   9   8   9
  12   7  12   9   9   7
  76  16   8  10  15  14  14  11  11  11  14  12   9  10  13  14  10  10  14   8
   9  14  13  10   8  12
  91  11  17  10  14  13   9  12  10  14  14  11  16  18  13  10  16  14  10  16
   9   9  10  13  16  13
  89   9  14  15  18  12  13  11  16  10  11  12  16   8  14  16  16   9  13  18
  18  16  12  12  14  14
  80  10  10  12  11   8   9  15  10  11  14  16  14   9  15   8  14  15  10  10
  13  16  15   9  11  11
  94  15  10  16  12  18  16  16  12  16  18  10   9  17  14  16  12  16  18  13
  15  11  18  15  16  15
  74   8  14  14  15  14  12   9  12  12  14  13  13   8  11  11  15  14  10   8
   8  12  13  11  12  12
  92  16  17  16  11  17  11  11  15  11  15  13  16  18  12  14  19  15   9  10
  10  15   9  16  18  19
  66   7  12  13   9  13  11   9   7  11  14  12   9   8  10   9   6  13  13   7
   7  12  12  12   7  12
  75   9  13  12  10  15  12  13  10  14  15   9  12   8  11  11  11  15   9   8
  10   8  15   8  15  12
  79  11  14  16  12   9  10  14  13   9  14  14   8  16  15  13  10   9   9  13
  15   8  16   8  12   9
  77  16  13  15  14  12   8  13   9   9   9  14  13  14  15  13   9  14   8   9
  14   7   9  15  15  10
  65  11  13  11  11  12  13   9   6   7   7   8   9  12  10  13   8  11  13  10
   8  13  10  12  10  10
  67   7  12  10   7  12  10  13  10  13   7  10   7   8  13   8  10   7  10   7
  11  12  12  12  11  11
  50   8   6   9   7   9   6   6   9   9   6   7   5   7   5   9  10   9   9   7
  10   7  10   7   8   8
  79  14  15  12  16  11  12  12  16  14   9  13   9  16  12  15  15  13  13  16
  16  13  10  16   8  10
  95  15  16  12  11  13  11  13  16  16  10   9   9  13  17  14  17  16  14  19
  14  11  15  13  16  18
  95  10  10  19   9  15  13  13  19  11  10  13  15   9  15  14  19  12  10  13
  18  16   9  15  12  12
  77   7   8  14  14  14  11  12  15  14  10   8  16   9  11  10  10  10  10  11
   8  15  10  12  12  14
  77   9   9   8  15  12  13  11  14   8  14   9  10  10   8  13  11  12   9   9
  13  10   8  14  13  13
  59  12  10  11   9  11   7  12   6   8   9   7  10   6  11   9   7   6   6  12
   6   9  12  12  12   6
  52  10   9   8   9   8   7   8   9  10   8   9   8   6   9   6   8   5   6   6
   8   6   8   9   6  10
  90   9  15  11  13  11   9  15  16   9  16  16  11   9  18  12  12  10   9  10
  10  13  10  16   9  13
  84  12  14  16  14  13   9  12  17  13   9  12  17  12  10  14  16  11  14  10
  15  16   8  10  12  16
  86  14  11   9  16  16  14  11  16  11  13  14  14  16  10  12  12  14  13  10
  13  13  11  11  13  16
  64   7   7   8  13   9  13   7  12  12  13  11   7   9  12  12  10  11   8   6
  12  10  12   8   9   8
  70  11   8  13   8  10  13  11  12   9   7  14   7  11  12   9   8   9  12   8
  12  14  10  13   9  12
  86  10   9  15  14  13  13  16  11  16  11   9  14  12   9  14  13  15   8  12
  16  13  16  13  10  12
  59   8  12   6   9  12   8   9   7  11  12   9   8  10   7  10   9   8  12   9
  10   8  12   8   7  10
  85  11  12  12  11  11  11   8  17  10  10  17  10  10  12   9   9  12   9  11
  11   9  12  10  12  13
  94  17  15  19  11  15  13  12  13  11  16  14  12  17  17  10   9  13  14  17
  12  11  18  10  10  14
   1078   1138   1126   1109   1115   1119   1099   1126   1087   1124
   1105   1128   1078   1109   1112   1111   1112   1084   1111   1080
   1110   1079   1128   1110   1123
