MK75_05.DA
  75  20
  53   7   5   5   8   5   9  10   6   7   7  10   5   9   8   5   6   9   5  11
   6
  60   9   8   9   8   9  12  12   9   7  11   8  10   8   8   9  12   8   6  11
   6
  75  10  10   9   9  12  12   9  10  15   8   9  13   8  15   8  11   9  13  12
   8
  90  13  11   9  14   9  10  12  15   9   9  16  13  17  17  15  11  12   9  17
  18
  76  11  16   9  10  14   9  10  12  14  10  11  13  11   8   7  13  13  12  11
  10
  61   9  11  12   6   7   7   9   7   6   6  12   8   6   6  11  13  13  12  12
  10
  62  11   9   7   7   7   7   6  13   9   8   6  12  10   9  12   8   7  11   6
  12
  64  10  10   9   9   6   7  12   7   7  11  13   9   7   7   7   8   9   8  11
  11
  93  17   9  19  16   9  13  14  10  12  12  11  13  18  15  16  11  11  10  16
   9
  85  10  12   9  17  12   8  16  14  12  15  11  14  16  10  13   9  11  17  14
  12
  72   8  14  12  11   8  12  11   8   8  12  11  11  10  12  13   9  11   8  11
  15
  92  14  10  11  10  12  18   9  10  13   9  19  18   9  15  15  14  12  18  13
  15
  65  13  12   8   6   9  11   9  11  13  13   8  11  12   9   9   9   8  12  13
   8
  70  10  12   7  12   7  12  10  12  12   8  14  14  12   7   7  14   7  11  10
  12
  73   9  12  11  10  15  10  14  11   7  13   9  10   9  10   8   9  11  13  15
  13
  74  13   9  12  12   8  12   7  10   7  13  11   9   7  13  11   8  13   7   9
  14
  61   8  10  10  12  10   6   6  11  10   9  12   9   6  10   6   9   9  12   9
  12
  92  15  13  15  10  15  13  18  10  18  19  12  12  11  15  18  11  13  16  12
  15
  60   7   8   6   9  11  11   7  12  12  12   9   9  12   8   8   9  11  12  11
  10
  73   9   8  13  10  10  13  12  13  14   9  10  10  15  11  12   9  14  10  11
  15
  55   7  11   6  10  11   9   5  10   5   7  11   7   9  11   6   8   5  10   5
  10
  64  12  10  13  13   8  10   9  11   8   8  13  12   8   6  13  10   8   7   9
   8
  85   9   9  10  17  12  13   9   9  10  14  14  15  13  15  17  13  10  13  16
   9
  70  10  14   7  13   8  11   8   8  12   9   8   8   7  11   9  11  14  11  11
   8
  79  14  12  10   8  14  12  13   9  15   8   9  16  16   8  14  13  14  13   8
  13
  93  13  15  10  11  11  16  14  16  14  11  11  11  13  13  17  10  12  14  11
  10
  90   9  17   9  13  15  14   9  11  13  11  15  12  11  12  17  11  16  11  16
  12
  94  19  10  11  15  10  17  15  11  17  11   9  19  14   9  12  16  11  13  13
  17
  91  15  16  12  18  18  12  15  16  14  15  16  15  10   9  17  11  18  17   9
  13
  93  12  12  13  11  16  14  13  19   9  11   9  12  11  13  12  13  17  14  14
  19
  74  12  14  15  14   7   8  14  14  12  10  12  11  13   8   7  14  15  15  11
  10
  91  13  12   9  16  10  15  14  12  11  15  13  15  18  14  18  17  13  17   9
  17
  87  13  16  11  13  18   9  15  14   8  11  17  17  14  14  11  15   9   9  10
  11
  85  14   8  15  17  14  16  17  14  10  11  16  17   9  15  11  12  16  13  16
  10
  62  12  11  11   7   8   6  12  10   7  11   8   9   8   6   8   6   6  13  12
  13
  56  12   7   9   6   7   9  11  10   8   8   7   6  11   8   5  11  10   7  10
  10
  59  10   6   9   8   7   8   7   5  12   8  10   7  10   8  11  12  11  10  12
   5
  54   9  11   9   9   8   7   8   6   9   9   6   5   8   9   7   5   6  11   7
   5
  93  18  10  14  11  13  18  17  12  12  13  16  14  19  15  16  16  19  17  14
  10
  51   9   7   7   7   9   5   8   6   7  10   7   8   8   8  10  11   7   8   9
   9
  67   8  11   6  10  13  13  13  14  10   9  13   8  10  12   9   8  11   7   6
  11
  53   8   6   7   9   8   6  11   9   8  10   5   6   8  10   6   6   8   9   9
   8
  97  19   9  11  11  16  17  12  14  15  13   9  16  14  20  16  14  16  16  19
  11
  60   9   7  12   7   6   7   7  12   7   6   7  10   7   9   7  12  12   6  10
  11
  89  10  12  16  13  15  18  12  12  17  16   8   9  14  10  11  14  14  12  16
  18
  71  13   9   7  14  10  11  12  13   9   7   7  13   8  11  14  13   7  14  13
   7
  84  16   8  10  11  14  10  13  16   9  14   8  12   9  17  14  12  14   8  11
  15
  66  10   7  11  11  13  13   7  11   7  13   9  13   9  13  11  12   6   9   6
  13
  59  11  11  10  11  11   6   9  10  12   8   8   7  10  11   8  12  10  12  11
  11
  85  17  17   9   9  15   8  10  14  13  17  16  12  16  12  13  15  12  11  11
  15
  52   7   8   8   7   7   6   5   9   8  11   5  11   8   7  11  11   9   6   8
   5
  57   9   9   9   7  10   8   9   7   8  11  12   8   7  10  11  10  12   7   6
  11
  59   9   9  11   8  12  10  12  12   7   6   9  10   7   6  11   8  11  10  10
   5
  79   8   9  11  15  13  11  14  13  12  10  14   9  14  15   9  12  15   9  11
   8
  70  14   8  11  13  14   9  11  12  12  12  14  11   9  10  11  14  10  11   8
   9
  86   9  10  11  10  10  12  12  15  13  14  17  12   8  15  16  17  18  15  14
  12
  70   7  13  12  11  12  10  12  10  13   9  12  12  10  11  13  11  13   7   7
   8
  55   7   7   9   9   6   7   9  11   7   9   6  10   7   6  10  10  11   6  11
   6
  52   5  10   7   8   9  10   6   5   9   7   9  10  10  10   7   9   9   9  10
   6
  57  11   5  11  10  11   5   6  10  11  11  10  10  10   6   9   9  10  11  11
  11
  74   9  10  12   9  15  11   7  13  14  14  10  10  10  11   7   8  10  10  13
  12
  59   8   7   9   9   8   8  10   9   6  10   7   8  11  10   7   8   8   6  10
  10
  71   8  10  14  10   7  10  14  12   7   8  12  10   8  10  13   8   7   8   8
  11
  99  15  16  13  13  19  17  16  11  11  16  12  20  10  10  20  10  14  18  15
  16
  81  16  11  14  11  12  14  16   8  10   8  16  13   9  14  16  15  13   9  15
  10
  97  17  16  15  19  11  11  10  20  10  15  12  16  16  14  14  11  16  19  16
  12
  99  13  12  15  12  12  14  20  17  17  16  18  18  10  17  16  11  19  20  19
  13
  69  13  11  12   9   9   7  11  11  14  11  12  14   9  13  10  14  12  11   9
  13
  63  11   8  12  11   8   9   8  13  11  10   7  11  10  10  10   8   7  10   9
   7
  67  12  10  14   8  14   7   7  12  12  13  11   9   9  11   8   6  14  13   7
  13
  84  15   8  15  11  10   9  11   9   9  10  15   9  11  12  15   9  11  13   8
   9
  75  13  14  10   8  11   8  15   8  14  15  13  15  11  14  10   9  12   9  13
  12
  55   8  10   9   6   6  11   8  11   7   8   6   8   9  10   9  10   5   7   9
   6
  51   6   6   6   5   8  10   8  10   8   9   9   5   5  10   5  10   9   5   6
   6
  86  16  15  17  13   8  11  17  16  13  13   9  13  15   9  11  12   9   9  15
  14
    421    393    399    400    401    397    413    421    397    407
    408    423    395    410    418    408    421    413    418    407
