MK75_09.DA
  75  20
  53   9   6   5  11   8   6   8  11   5   9  10   6   5  10  10  10  10   9  11
   7
  59  12  10  10  10  12   8   5   6   7   6   6  10  12   7   7   6   6   9   8
  11
  77   8   9  15  16  15  16   8  14  14  15  16  14  11  11  15  13  14  11   9
  15
  65  11  11  10   7  10  13  12  12   7  10   8   7   9   8  11  12  12   8   9
  13
  91  14  11  15  16  13  17  16  14  13  17  13  11  14  10  13  13  13  16  10
  11
  56   7   5  10   6   8   6  10  11   9   6   9  11   8  11  11   9   6  10   7
   7
  79  10  13  10  15  16   8  12  10   8   8  10  13  11  12  10  16  10   9  16
  14
  82  14  14   9   9  15  10  14  12  12   9  15   9  15  15  14  14  12  13  11
  13
  65   7  11   8   9   8   7  12  11   9   9  12   9   8  10   8  12  11   7   8
   9
  84  12  10  11  14  10  14  10  11  10  14  17  17  13   9  10  10  11  15  13
   9
  78  14  13  11  16   9  10  12  15  13  12  11   9  10   9  16  13  10  10  13
  11
  91  10  18  14  10  13  15  17  10  12   9   9  16  11  12  13   9  18  10  14
  13
  59  11   9  11  12   6  11  10  12   7   6   9  11   9   6  11  11  12   9  11
  10
  52   8   6   6  11   7  10   5   5   5   9  10  10  11  10   5  10  10  10   7
  10
  99  18  10  16  13  20  18  12  13  10  12  20  12  13   9  16  18  13  12  14
  19
  75   7   8  10   9  11  14  10   9  10  11  10  12  12  13  13  14   8  14   9
  14
  89  18  18  12  16  18  17  11  18   9  14   9   8  10  17  16  11  14  15  13
   9
  83  15  16  17  16  10  14  11   9  17  11  15   8  11  13   9  12  10  12   9
  14
  96  15  16  10  13  11  17  14  14  16  16  17  17  13  11  14  16  13  15  10
  19
  50   5  10   9   6   5   7   8   5   9   6   7   7   6   7   5   9   9  10   8
   8
  52   8   6   6   7  10   5   7   7   6   8   8  10   5   6   7  11   8   7   6
   6
  81  10  12  15  10  16  10  14  15  12  15  11  12  10   9  11  11  14  11  12
   9
  89  12  10  14  14  15  17   9  10  18  11  14  11  15  15  12  10  10  16  18
  16
  95   9  10  15  17  10  19  12  19  12  15  13  18   9  13  14  14  10  11  18
  19
  65   6   7  10   8  13  11   8  13  10   7  10  11   7  13   7   9   9  11  12
   7
  55   9   9   9   6  10   6  11   7   8  11  10  10   6   7   9  11  11   9   7
   7
  98  18  14  19  12  16  17  16  12  13  15  12  15  12  14  15  15  12  13  13
  15
  91   9  16  14  16   9  10  11  15  12  17   9   9  16  17  16   9  10  17  11
  18
  82  13  13  16  13  13  17  10  10  12   8  13   9  14  14  16  13  16  15  11
  15
  66  10   9  11  12   7   8   9  11  11  13   6  10   7  13  14   9  13  13   6
  12
  96  16   9  10  15  13  15  19  10  10  10  13  12  14  16  19  16  10   9  13
  17
  83  12  16  13  15   8  14  15  10   9  11  11   8   8  12  13   9  12  12  12
  16
  71  11   8  11   9  12  13   9  12  14   8  12   8  13   7   8  11  12   7   9
   7
  94  12  18   9  17  12  11  13  15  11   9  18  18  13  13  15  16  11  16  19
  11
  57  11   8   8  11  10  10   9  11  11  10  10  10   8  11   6  11   8  10  10
   9
  97  10  11  14  14  13  14  17  11  16  14  17  19  11  13  12   9  13  10  16
  12
  87  11  13  17  14  18  17   9  14  10  16  14  11   9   9  11  11  15  16  14
  10
  60  12   7   6   6  10   8   7   7   6   9   6  12   9   7   9   7  11  11  11
   7
  89  17  17   8  10  16  17  16  15  14   9  13  12  10  13  15  16  15  15  13
  12
 100  10  13  16  12  15  14  11  10  15  13  12  10  11  13  10  16  13  12  14
  12
  59  11   9   9   6   6   9   8   7   6  12   9  11   8   7   8  10   8  11   7
   8
  95  13  14  12  14  12  11  12  10  14  19  16   9  15  17  19  18  14  13  15
  15
  83  16  10  11  13  13  10  13  12  16   9  13  13  10  16   9  15  12  17  13
  15
  59  11   9   7   9   9   6   9   8   7   6   7  11   9   7   7  11  10  11  12
   7
  79  16  10  13  11   7  12  12  15  13   8  10   9  12  15  11   9  15   8  14
  14
  50  10   7   7   7  10   6   6   7   9   5   5   5   7   7   9  10   8   9   9
   5
  72   7   8  10  14   9   7   9  15  11   9   7  10  13  14  12  13  14   7  12
  11
  96  20  18  16  11  12  14  15  11  19  19  12  11  18  16  19   9  19  12  12
  16
  69   9  14  10  12   9  14   7  13  12  11  12  11  12  10  13  10  12   9  14
  13
  70  14   8  13  10  12  13  10  12   7   9   9   7   8  10  13  13  13   8   7
  11
  97  11  16  11  12  10  19  16  15  18  16  19  19  12  18  13  10  13  16  19
  14
  71   9  13  11  11  15  11   8  12   9   8  14  14   9  15  12   9   8  12  11
   9
  99  19  17  18  15  17  10  10  16  15  18  16  14  11  17  10  19  19  19  14
  18
  59  11   7   7   9   8   7   6   6  12   7  10  12   7   8  12   9   8  11  11
   6
  53   8   9  10   7  10   9   9  11  11   9   7   6   6   6  10  10  10   8   6
  11
  64   7   7  10  11  12  11  12  12   6  13   7   8  10  10   8   7  10  12   9
   9
  89  10  11  15  16  15  12  18  16  13  13  17  14  13  12  13  11  15   9  11
  16
  98  18  16  11  19  15  17  15  12  11  15  19  19  16  20  14  19  15  11  13
  15
  87  10  11  10  11  17  12  10  11  17  12  11  10  13  13   9  10  17  10   9
  17
  67  10  11  13  10  10   7  13  13  13  12  10   9   7  12   9  11   7   7  11
  11
  83  14  13  11   9  11  11  14  16  11  16  14  15  10  16  12   8  12  12  11
   9
  57   6  10   5   7  12   8  11   8   5   6  11   7   6   8   6   9   8   8  11
   7
  52   6   6   9   7  11   7   9  10   5   5  10   7  10   7   7  11  10   8   9
   9
  62   7  12  10  10   7   6  11   7  11   9   9   6  11  10  13   9  10   7   9
   6
  80  11  16   9  11  11   9  15   9  16  13  16  14  12  16   8  10  16  16  16
  15
  61   9   8  10  11   9  12  11  11  11  10  10  11  11   6  13  10  11   8  11
   8
  95  14  11  14  12  15  11  13  18  18  12  18  11  11  16  10  10  10  15  15
  13
  97  12  16  18  11  10  20  18  12  16  11  18  14  14  18  12  11  12  16  20
  12
  62  11  11  11  10  11  12   6   9   6   6   8   9  11  13  12   8  11   8  10
   6
  65   7  12  11  12  12   9   8  10   7   9  13  12  13   6  12   6   6  11  13
  10
  50   8   6   6   5   9  10   7   7   9   8   5   8   8   8  10   7   8  10   8
   8
  70  13  13  10  14   9  11   8   9   7  10   9   9   9  10   7  14  13  10   7
  12
  72   7   9  14   9  12   7  11   9  13  10  10   8  11  12   8  14  10  11  13
  11
  55  11   8   8   9   9   8  10   9  10   9   7   9   8   7   5  10   8   6   7
   6
  66   7   7  13   9   8   6  11  10  13  12   9  12  11   9   7  10  11  12  13
  12
    417    416    421    423    427    427    415    422    414    407
    431    413    395    428    419    426    429    421    428    429
