MK75_10.DA
  75  20
  73  10  11  14  14  14   8   9  12  12   8  13  13  15  11   8  13  15  13   9
   7
  54  10   6  11   8   7   5  10  10   5  11   9   5   8   6  11   8   7   6  10
   9
  77  10   8   9   7  10  15  12  15  13  10  16  11  15  16  14   8  13   9   8
  15
  71  11  11  10  13   9   7   7  13  15   8  10   8  14  13  14  11  13  11  12
  10
  64   9  11  12  13  10   6  10   9  11  12  10  11  12   9  10   7   7  13   8
  10
  78  14  12   9  14  11  13  10  12   9   9   7  15  11   9   8  12  14   8  13
  11
  71  11  12  13   9   7  11  12  11  11  13  11  15   8  10  14  14   9  11  10
  12
  79  13  10  13   8  11   8  12  16  10  15  16  13  11  16  15  13  10   9  15
  15
  65   8  10  10   7  10  10   8   8   9   8   8   6  11   9   8   9  12   9   6
   7
  85  11   9  12  15  17  11  14  17  16  15  13  12   9  10   9  12   9  12  10
  17
  97  15  13  15  15  16  18  19  18  15  12  10  16  12  10  16  12  12  16  18
  16
  70  14  14  11  14  14  12  10  12   9  13  12  11   9   8   8  10  13  12   9
   7
  52  10   9   5   6   5   6   8  10   8   9   7  11  10   7   9   8   7   7   9
   9
  55  11   8   7   6  10   5  10   5   7  10  10   5   7   5  10  10   8  10  11
   8
  88  11   9   9  18  11  14   9  18   9  18  10  13  10  12  11  15   9  15  13
  10
  76  15  10  10  15  13  10  15  14  15  13   7  13  11  14  13  11  15   8   9
   9
  66   8  12  10  10  13   8   7  14   6   6  14  10   9  13  14   6  10   8   9
  10
  69   7   8  12   7  13  14  10  10  12  10   7  11   9   9   6  14   9   8  11
  13
  75   9  10  13  14   8  14  11   8  13   8  12  12   8   9  10  15  10  15  12
   8
  62  10  12   8   7  11   8  11   7  10  12  12  12   7  10  11  10  11  12   6
   8
  69   9   7  14   9  14  12  14   7   8  11   7   8   9  13   9   9   8   7  11
  10
  80   9  13  10  11  10   8  10  12  12  10  13  11   9   9   9  11  16  13  11
  15
  99  14  12  14  16  20  18  14  20  19  17  16  19  14  12  16  13  20  13   9
  14
  56   9   8  11   7  11  11  11   6   7   5   7  11   5  10   6   8   7   6   7
  11
  86   9  13  16  11   8   8  10  17  10  17  13  10   8  15  14  12  17  15  12
  16
  92  15  10  18  12   9  10  19  13  19   9  17  10  15  19  11  16  14  18  17
  13
  91  15  18  18   9  15  16  14  12  15   9  17  13  13  16  17  10  10   9  19
  13
  97  14  17  13  15  17  13  13  15  11  18  17  11  11  16  12  17  14  14  18
  11
  75  12  11  15  13  11   8  13  13  14   9  11   9   8  10   9  11  15   7  14
  12
  97  19  10  13  14  19  11  17  11  19  11  20  15  19  12  14  10  16  16  12
  12
  95  11  15  12  13  11  13  11  14  11  12  18  13  18  10  14  14  19  16  13
   9
  54   8   7   8   6   8   7   5   5  11   6   6  10  10   9   8   8   6   6  10
   9
  61   6   9   6   8  12  10   9   6  10  10   8  11   6   8   8   9  10   9  11
  11
  67  12   8  12  11   7   7  11  12   6   7   8  11  12   9   9   7  11   8   7
  10
  77   8  15   9  16  11   9   9  13  16   8   7  10  10  15  11  12   9  13   7
   7
  76  15  13  12   8  15  11  15  12  14  15  13  12  10  13   9  15   7   9  11
  12
  54   9  11  11  10   9   9   9  10   6   6   6  11  10  10  10   5   6   8   6
  11
  83  14  16  12  12   8  13  14   8  13  14  12  14  11   8  14  16  13   8  11
  15
  59  11  11   7  11   7  10   5  11   8  10   7  11   6  11  11   6   7  11  10
  10
  70   9  11   8  12  14   7   8  14   7   9  12   9  14  13  14  14  13  12   7
   8
  98  14  11  18  11  10  10  18  19  11  11  13  13  12  14  17  11  14  10   9
  19
  83  12  11  17   9  13  16  13  15  14  11  10  13  14   8  14   9  16  13  10
  12
  65  13   8   6  12   7   7  13   9   7  12   9  10  12   6  10  12  11   6  10
   9
  78   8   8  15  12  10  13  16   8   9   8  14  10  12  12  14   9  11  11  10
   8
  66  10  11  12   7  11   7   9  12  12  10  12  12  10  11   7  11   8   9  11
  11
 100  18  13  14  11  15  15  10  12  19  16  13  16  18  13  16  16  15  19  16
  12
  87  17  12  10  13  11  12  16   8  10  10  16  17   8  13  15  12  11  11  17
  12
  91  14  10  10   9  11  10  16  17  17  14  15   9  17   9  17  13  12  13  11
   9
  61   6   8  12  11   8  11   6   8   6   9   6  12   6   7   9  10   7   7   7
   7
  75  11   7  15  11  10  12   8  15   9   8   8   9  12   8  15   8  13  10  11
  11
  79  14  15  12  10  13  11   9  10   9  14  11  14  14  14  16  10  15  13   8
   9
  84  11  10  17  16  15  11  12   9   9   9   9  12  15  15  13   9  14  12   9
  11
  88  11   9  10   9  17  12  18   9   9  10  12  15  13   9  15  15  18  12  11
  17
  64  13  11   7  10  12  13   8  12   7  12   7   8  11   8  12   7   8  11  13
   8
  63  12  11  12  11   8  11  10   7   6  11   6   6  12  10   9  10  11  10  11
  13
  94  13  15  13  13  11  10  17  15  13  13  10  14  10  11  17  18  18  11  15
  14
  88  17  14  16  11  16  17  13  17  11  13  16  13  14  12  17  17  13  14  11
  10
  58   8  11   9  11   6   9   6   7  11   8   7   9  10  11   5  10   5   9   8
   6
  56  10   6   9   6  10   6   8   9   9  12  11   7   9   8   8   6   8  10   9
   9
  72   9  11  10  10   8   7  11  10  10  15  11  13  12  14   8  11  11  10  12
  13
  70  11   8  14   8   7  10  12  10   9   9   8  10  10  10  11   7  12  11  11
  12
  68  10   7   8   8  12   7   9  13  10  13  13  11   9  11  10  13  10  14  11
   9
  50   5   9   8   5   7   8   7   5   9  10  10   7  10   9   8   5   5   7   7
   8
  84  16  12  10   8  12  16  12  13   8   9  12  13  12  10  17  15   8  11  15
  13
  69   8  11  10  12   8  13   9  10   7  12  14  10  13   8   8  14  11  12  11
  13
  53   6   8   5   7   5   5   8   8   5  10   9  11   8   6   5   7  10   6  11
  10
  85  11  17  14  12  10  13  17  17   8  15  11  15  12  13  12  16  13  10  15
  11
  93  18  19  17  18  15   9  15  14  14  14  11  14  11  13  19   9  10  13  11
  12
  82  17  10  16  12  15  11  14  12  10  12  10  10  12  11  14   8  10  14   9
  15
  76  11   9  10  11  14  11   9  13  10  15  10  14  15   9  12  16  14  10  14
  14
  93  17  10  19  12  17  11  18  13  14  12  14  17  13  17   9  13  16  18  15
  14
  81   9  14  12  10  15  11  15  10   8  16  17  15  13   9  15  13  16  13   9
  13
  77   9  10  12  15  14  11  10   8  10  11  14  12   8  10  12  12  12  11  13
  10
  69  11  12   7   7   8  10  10   8   7   7  10  10   8  13  13  11   9  14  14
  10
  75  13   7  12   7  11  13  14  11  13   9   9  12  10   9  13   8   8   9  14
  15
    429    407    435    404    424    396    430    431    400    416
    418    432    414    407    438    416    427    412    415    419
