MK75_08.DA
  75  20
  91  12  18  16  15  16  14  10  14  10  14  15  15  13  13  12  18  11  14  18
  12
  97  18  19  16  13  13  15  17  19   9  15  16  14  10  18  15  15  11  13   9
  18
  64   7  10  12  12   8  10  12   7   9  13   8  11  12  12  13  13  11  10  12
   7
  58  11   7   8  10   8  10  12   6  11   8  11   7   9  11   8   8   7   8   9
  12
  62   6  12   8  10   6   7  12  12   9  13   7  10   7   8   6   9   9  11   9
   6
  57   9   7  10  10   9   8  11  11  12   8  11   8   9  12   6   8   9  10   8
   8
 100  16  16  18  14  10  10  20  14  14  17  15  17  12  10  17  10  20  16  17
  17
  90  13  17  18  16  17  13  13  12  15   9  17  16  17  10  11  15  10  11  18
  12
  85  16  17  15  15  12  15  17  13  14  17  14  17  10  16   9  12   8  17  14
  11
  71   8  11   7  10  11   8   8   8  15  10   7  12  13  11   7  12   7   7   9
  11
  89  14  10  13  10  10  14  13  10  16  17  15  13  12  14  18   9  15   9  17
   9
  91   9  13  11  18  15  11  13  17  10  12  14  14  16  10  19  18  12   9  16
  14
  60   8   6   8   6  10   7   9   8   7   9  10  11   8   7  12  10   9   6   6
  10
  69   9  13  14   9   7  11   9  14  11  11  10  13   8   8  11   7  14  12   7
  11
  54  11   6  10   7   6  11   6  10   5  10   7  10   8   9  11   7  10   7  10
   6
  62   9  10   7  10   9  10   8   6  10   8  12  11  13  11   7  10  11   9   7
   6
  69   9  11  14   7  10   7   8   8  14   9  10  13   9  11  13   9  11   8  12
  13
  60   9   9   7   8   8   7  11  11  12  12  12   6   8  11  11   6   8   9   9
  12
  87  15  16  16  17   9   8  12  11  15  13  10  12  10  11  13  16  15  12  11
  12
  94  15  12  12  18  11  17  15  19  17  19  14  14  18  11  19  13  10  10  10
  10
  91  16  10  13  16  17  19   9  16  18  16  12  16  16  15  14  12  16  14  16
  13
  77  15   9   8  13   7   8  11  14  13  13   9  10  12   8  12  11  12  14  15
  11
  50   6  10   9   7   5   6   6   7   9   8  10  10  10   7   5   8   5   6   6
   8
  51   6  10   7   6   7   7  11   6   8   8   8  10   6   7  11   8   6   9   5
   5
  94  14  17  14  16  10  19  18  14  13  12  14  19  12  19  15  16  14  13  16
  16
  90  14  12  14  18   9   9   9  18  16  16  12  12  10  17  12  16  12  15  12
  11
  84  16   8  14  13   9  12  17  10   9  10  11  17   8  10  11  10   9   9  10
  10
  53   7   7   6   9   5  10   7  10   9  10   5  10   6  10   9   8   9  11  10
   7
  59  11   6   7  11   6   8  11  10   9   8   8   7   8   9  11  11   6  11  11
   8
  85  10  14  11   9  15  16  10  10  15  12  10  10  14  13  11   9  11  16   9
  16
  78  11   9   8  11   7   9  11  12   9  11   9  12  14  14  14  16   8  12  11
  13
  60  10  11  12   9   9   8  10   7  12   7  11  10   8   9   7  10  12  11  12
   6
  88  11  17  15  12  18  14  14  10  15  10  13  14  10  18  13  11  11   9  13
  12
  79  13  16   9  10  13  15   8  11  14  10   9  13  10  16  12  15  13  15   9
  11
  59  12   8   9   9  11   7  10   9  10   7   6  10  11  11   6   6   9   7  11
  10
  74   7   8   9  10   8  11  11   9  11  11  10   9  10  12  15  13  13  10   8
  10
  80  14  13   8  13   8  10   8  16  11  16  15   8  16   9   9  14   9  10   9
  11
  97  16  18  20  17  13  12  12  16  12  17  18  14  12  10  15  16  16  10  14
  17
  52   6  10  10   9  10  10   9   8   6   7   6  10  10   5   9   6   9   9   8
   5
  50   7   7   5   5   5   5   6   8   7   7   9   9   5   7   7   6   5   5   5
   5
  86  17  11  14  17  11  14  10  17  10  16  12  12   9  16  17  11  10  14  15
  17
  97  16  16  10  10  18  19  12  12  14  11  18  12  10  18  15  19  12  14  13
  13
  86   9  12  11  10   9  14  17  15  14  17  17  11  13   9   8  10  15  14  17
  16
  72  13  14   7  10  10  12  14  11  10  12   7  11   8   9   9  12  13  14  12
  11
  69   9   9  12  10  14   9  12   8  12   7  14  10  12  12  13   9  10  13  10
  11
  68  12  11   7  10   9  11   7  12   9   9   9  12  11   6  10  14  11  11   8
  13
  63  11   6  12   9  12  10   8  11  12  12  10   9   6   7  11  13   6   8  10
  12
  50   8   8   7   8   7   8   9   9   9  10   8   7  10   6   5  10   9   6   9
   6
  79  10  15   8   9  14  14  13  12  12  12  15   9  14  10  11  13  13   9  13
   8
  86  13  10  16  14  15  16  14  12  12  15  14  15   9  17  13   8  13  10  10
  16
  60   9   9   7   9   8  11   9   8  11   7  10  10   8   7  11  11  12  11  10
   6
  54   5  11   7   8   6   9  11   7  10   5   9  10  10   8  11   8  10   7   9
  10
  64  10   7   6   8  12   7   8   9   7   7   7   6  11  10  11  11   9  12  13
   8
  51   7  10   6   9   7   5   7   8   8   9  10  11   9   8   7   6   9   8  10
  10
  95  10  14  12  14  13  12  13  13  16  18  12   9  19  11  14  13  14   9  10
  18
  57   9   9  11   8  11   6   6   6   8   9   9   9   8   9   8   9   9  10   8
   9
  71  10  12  10  10  10  14   8  12  11   8   9  11  11   8   7  13  12  13  12
  11
  75   8   7  12   8  11  15   7   9  13  12  15  14   9   9  12   8  14  11   9
   9
  91  18  12  11  17  14  11  13  13   9  17  10  17  17  12  17  17  12  17  14
   9
  90  17   9  15  16   9  12  18  17  10   9  12   9  16  12  13  12  14  14  18
  13
  93  10  14  13  13  11  18  12  15  12  13  12  10  17  17  12  12  11  11  18
  14
  96  11  10  19  13  10  11  18  20  12  12  14  12  17  19  13  17  11  18  12
  13
  95  19  16  17  18  19  19  12  12  15  15  15  14  11  16  14  14  13  18  10
  13
  71   8   7   7  13   9  11  12  10  13  12   8   7   7   9   8  13   9   7   8
   8
  67  12  11   7  13  12   8  11  11  14  12  13  13   8  13  12   9   9   8  11
   8
  70   7  10  13   7   8  12  11   7   9  13  14   7  14  12  11  14   8  10  12
   9
  57   6   7   9  10   7   7  10  11   7  11  11   9   6   8   7  11   9   8   8
  11
  78  15  10  14  16  10  12  16  15   7  14   8  10  13   8  10  13  11   8  12
   8
  75  11  12  13  13   8  14  14   8   9  15  14  11  10  12  11  10  12  13  14
  14
  66  10   8   8   7   7  13  14  12  12  12  10  13  10   7   9  10  12  13  11
   7
  84  14  17   9  11  11  12   9  16  11  15  11  15  10  11  10  11  15  11  17
  17
  97  15  13  19  15  16  17  13  20  10  15  11  14  18  18  19  12  19  19  17
  14
  93  15  11  14  19  11  11  17  11  10  11  15  14   9  18  11  18   9  11  11
  18
  92  16  10  13  11  13   9  16  16  18  17  16  11  18  13   9  12  16  18  10
  13
  58   9   9   6   6  12   9   7  11   7   7   9   6   8   7   8   7   7   8   8
   8
    422    418    415    428    390    420    426    433    422    438
    424    427    413    421    421    428    410    415    423    411
