MK75_01.DA
  75  20
  65  10   7   8  13  12  11  13   7   9  11  12   7   6   6  10   8   8  13  10
   7
  94  15  15  12  18  19  10  10  11  18  16  10  16  17  15  13  14  11  19  15
  18
  57   7  10   7  11   9  12  12   6  10   9   8  11  10   6   8  10  11   7   6
   9
  94  16  17  16  13  17  15  19  16  12  10  18  14   9  18  16  17  15  13  10
  15
  82  14  15  10  14  12   9  14   8   9  15   8  16   9  10  16   8  13  17  13
   9
  92   9  14  12  12  10  14  13  11  17  15   9  19  11  18   9  12  11  19  11
  14
  92  15  11  12  15  16  15  16  12  16  16  10  17  12  17   9  14  17  11   9
  15
  54   6   8   9   6  11  11   8  10  10   7   9  11   6  11   7   9   7   8   7
   9
  86  17  16  13  17  15  10  11  12  12  12  15  18   8  13  11  11  14  13  15
   9
  65   7   7  13  10  13   8   8  12   7   8  11  12   8  12  13   7  10  12   8
   8
  90  11   9  18   9  14   9  11  10  14  10  11  11  17   9   9  18  11  14  16
  15
  75  12   7  13   9  10  13  15   8   9  11  12  13  15  12   8  10   8  15  11
   9
  98  19  12  13  18  13  15  10  19  12  15   9  16  12  11  15  16  12  11  13
  15
  99  10  17  17  14  18  17  14  11  19  17  19  14  16  20  14  12  17  19  13
  16
  90  17  14  16  10  17  13  16  15  16  18  10  17  10  15  15  17  12  13  11
  18
  54   6   7  11   5  11   8   9   8  10   9   8   6   8   8  10  10   9   6   9
   8
  76  14  15   9  13  14  12   8  10  15  10  14  15  10  10  10  14  11  11  10
  10
  80  16  15  11   9  14  13  13  16  12   9   8  10  12   8  12  16  15  10  11
  16
  54  11   8  10   7   7   8  11  10   7   6   8  10   6  10   9  10   8   7   5
  10
  60  11  12  12   7   9  12   7   7   7  11  10  10  12   6   8   6  11  10  12
  10
  79   8  14  14  11   9  11   8   8  16  15   9   9  10  10  16   8  13  12   8
  11
  79  11  15  14  13   8  13   9  14  12  15  10  16  13   9   9  13  11  11  11
  15
  50   7   7   8   8  10   7  10   8  10   8   7   5   8   9   7   9  10   5   8
  10
  63   9  11  10  11   9   8   6  11  10  11  12  11   8   7   6  10   9   9  10
  11
  97  12  12  18  13  18   9  16  11  12  12  11  17  12  10  15  12  19  18  10
  10
  79  10   9  15   7  11   8  10  14   9  12   9  11   8  12  10  14   9  14  15
  13
  69  11   8  13   7  10   9  13  11  13  11  14  12   9  11   8   7   8  12  11
  11
  94  15  18  19  17  10  10  17  13  16  13  19  11  10  17  17  11   9  10  13
  12
  88  14  14  16  14  13  16  17  10  16  17  14  14   9  14  15  14   9  12  16
  10
  70  13   8   8  14  11   9   8   8   7   9   9  10  11   8  10   9  10   7  11
  11
  92  13  15  18  11  14   9  14   9  12  18  16  10  10  15  15  15  13  13  13
  19
  59  10  12   7  10  10   7  12   9  10   5   8   9  10   7   6  10  10   8   7
   8
  62   9   6  10  12  11  12  11   7   9  10  12   7  10  12  11   9  10   8  12
  12
  85  17  17   8  17  14  17  15  17  10  16  11  15  12  14  15  15  15  13   8
  12
  87  11  15  18   9  15  13  10  12  17  15  12  15  14   8  17  11  14  14  10
  16
  87  11  13  14   9  11  13  14  12   8  14   9  12  11  15  11  10  14  10  15
  12
  91  15  18  14  11  17  15  13  10  13   9  12  15  17  12  13  16  11  15  16
  15
  76  10  11  12  15   9  14   9   9  14   9   9  14  11   8   8  12  11   8   8
  12
  75  12  13  12  11   8   9  14  14  11  15  15  14  12  13  12  15  10  13  11
  13
  88   9  10  17  16  18  14  12  15  11  12  10  15  14  10  10  10  16  13   9
  13
  82  13  10  11  11  11  13  12  10  13  12  16  11   8  12  16  11  17  10  16
  12
  86  17   9  10  15  17  15  12  16  12  13  17  10  10  13  17   9  14  13  12
  10
  71  13  10   7  13  11  11   7   7  13   8  11  10  14   9   9  12  14   7   8
  12
  90  13   9  18  14  16  17  11  17  14  18  16  13  10  17  10  16  15  18  17
  13
  52  10   6   7  11   5   6   7   9  10   8  10   5   5   8   8   5   9   5   9
   7
  75   9  12  13  14  13  14  10  13  14   9   9  10   9  15  11   9  11  13  13
  10
  78   9  16   8  12   9  15  10  13  14  11  12  16  11   8  12  13  15   8  10
  14
  79  13  11  15  13   8   8   7  11  11   8   9  13  13  13   9   8  16  11  14
  16
  95  13  15  11  14  13  15  12  11  15  12  14  10  12  19  17  19  14  15  15
  13
  81  13   8  17   9  10  12  12   8   8   9  10  16  12  12  14  15  14   9  17
  15
  63   8   6   8   9   7  13   9  11   9   9   9   7  13  10   6  12   9  12  12
   8
  70  13  12  12   7  12   8   7   7  11  13  14  10   8  13  10   8  14  14  14
  12
  77  10  12  15   9  15   8  15  16  11  15  16   8  15  10  14  16  12  12  12
   9
  81  13  12  14   8  11  15  10   9  14  11  10  15  10   9  16  10  13  15   9
   8
  85  12  14  17   9  17   9  11  12  14   8  17  12   9  16  16  16  15  15  11
  15
  52   6   8   8   7  11   6  10   5   6   9  10   8   6   5  11  10  11   7  10
   6
 100  20  17  14  17  16  18  12  12  19  12  10  10  19  20  17  20  11  20  11
  10
  86  12   9  14  10  10   9  13  16  15  10  16  16  10  10  14  16  18  16  17
  14
  89  17  10  13  16  11  10  10  13  14  18   9  13   9  16  10  14  14  17  13
  11
  75  11  12   7  11   7  12  15  15   8  13  10  15   9   8   8  12  14  11  11
   8
  52   9   9   7   9  11  10   7   6  10   7   9   5   7   7   5   9   6   8  10
   9
  77   8  13   8  16  15  12   8   8  10  10  16  15   9  12   8  13  14  13  13
  11
  71  15   7  10   9  14   7  10   9  14  10  11  10  10  11  13  13   8   7  14
  13
  55   9   5   9   6   7   5   7   7   5   9  11   6   7   6   8   8   7   8   9
   7
  61  10   7   9   6  11   7   7  11   9   9   6   9  12   8  10   7   8   8   9
   7
  51   9  10   9  10   9   8   5  10   6  10   8   8   8   6   7   6  10   8  10
   6
  97  14  14  18  13  16  14  10  19  12  16  19  17  15  19  10  19  20  10  16
  15
  95  17  14  16  17  13  18  13  10  17  18  16  10   9  19  13  17  15  17  17
  16
  60   9  12  12   9  11   9  12  10   8  11  12   6   9   9   6   7   9   7   9
   8
  71   7  12  10  10   7  13  12   7  15   9  11  11  13  13   7   9  11  14   9
  10
  79   8  14  14   8  11  10  15   8  10  10  16  13   8  14  14  14   8  15  13
  16
  86  17  11  16  10  11   8  13  11   9  15   9  14  12  12  16  12  16  15  16
  11
  95   9  15  18  12  16  10  10  18  14  14  11  14  15  10  11  11   9  16   9
  13
  88  11  11  13  12  14  10  16  14  12  14  12  17  18  14  14  10  10  16  11
   8
  89  16  14  14   9  11  11  16  16  10   9  15  15  13   9  17  16  16  16  15
  17
    441    434    464    425    452    422    424    418    441    439
    437    451    405    434    428    445    449    449    434    438
