MK75_03.DA
  75  20
  79  13  12  12  15  11  11  16  10  12   8  10  16  12  14   9  11  12  14  15
   8
  86  11  15  13  14  10  10  11  10  16  13  13   9  13  11   8  17  12  15  17
  11
 100  14  19  19  19  15  19  18  11  10  11  19  16  20  16  13  19  10  18  17
  18
  77  14  12  15  14  14  13  13  16  11  14   8  12   8   8   8  11   8  10   8
  16
  69   9   9  11   8   7  14  12   7  14  12  14   9  14  11   9  13  12  11   7
  13
  63   7   7   6   6  10  11  11   8  11  10  10  10   9   7   7  11  12   6   7
  11
  53   7   7   6   7   6   6  10   7   6   8   7   5   5   8   9   8   8   8   9
  10
  80  16  16   8  12   9  12  12  16  12  12   8  13  10  15  11   9  15  13  16
   9
  81   8  14  15  11  12  13  15  14  15  10  16  11  14   8  12  12  16  12  11
  15
  60  10   6   9  10   6   7   9   8   6   7   9  12   9   7   7   6  11  10   7
   6
  95  18  10  16  17  11  12  14  19  13  12  10  11  14  12  16  10  11  16  19
  12
  93  11  11  15  16  16  10  10  15  19  14  19  13  19  11  15  11   9  17  17
  16
  68  13  14  10   7  10  10   8  10  12  13  11  11  10  11  11   7   9  14  11
  14
  53  10  11   8   8   7   6   5   7   8  10   5  10   5   9   5   7   6   7  11
   6
  85  12  16  17  12  12  15  14  14   8  17  17  12  16  13  16  12  14  17  15
  10
  99  17  12  13  13  20  20  18  20  13  13  16  15  17  17  14  18  20  11  12
  13
  72   7  15  14  10  11  12  15   7  10   7  13   8  10   8   9  11  11  15  14
  10
  97  20  17  19  12  18  13  16  16  19  12  16  14  11  11  12  16  14  18  20
  11
  94  16  15  14  16  15  12  10  17  19  15  14  19  16  14  12  18  14  14  10
  14
  59   7  11  10   9   9   8  10  10   6  11   8   8   8   6   9  10   8  10   9
   7
  83  13  15  13  12  17  12  11  12  12  14  13  17  17  15  12  10  10  17  16
   8
  56   6   6   8  11   8   6  10   8  10   6  10   8  10   5   6   9   6  12   7
  11
  58  12   9   9  10   7   8  10  10  11   8   7  12  12   7   7   7   7   8   7
  11
  83  14  12  15  16  15  12  14  16  11  10  13  12  13  13  10  14  10  15  16
  11
  87  13  15  10  17  10  17  16  11  14  14   8  14  12   9  14  11  18   9  14
  17
  61   8   6  12  11  12   9  12  12  12  11   9   9  10   9   8  11  13   9   7
  12
  60   7   6  10  12  10  12  10   7   6  10  11   7  11  11   9  10   9  11   8
  11
  70   9   9  11  11   8   7  13  10  11   9   7  10   9   8   7  10   9  12  10
  12
  96  11  18  10  16  11  10  17  14  16  14  12  18  12  16  18  15  13  19  18
  17
  81  15  14  14  16   8  14  16   9  10  11  12  14  11  13   8  15  14  10  15
   8
  88   9  10  17  13  12  12  17  16  18   9  11  10  11  11  14  13  16  17  14
  11
  96  18  11  17  12  12  10  14  14  17  12  15  20  13  15  10  15  13  14  17
  13
  69  14   7  12  11  12  12  10  11  11   9  10  13  10   9  13   9   9   7  11
  14
  56   7   6   6  12   7   6   6   6   6  11   7   8  11  11   7  10   9  11   7
  10
  65  12   9  12   9  10   7   7   6  13  12   6   8   8   7  10  11   9   7  13
   7
  60  12   9   6   6  11  10   8  12   7   9   9  11   7   6   8   8   8  12  11
  12
  95  13  13  17  12  13   9  13  16  12  16  11  16  14  15  14  17  17  15  11
  13
  76   8   9  11  15  14   9  13   8  15   8  14   8   8  10   9   8  15  11  13
  15
  70  10   8   8   9  12  14  13   8  12   7   9  11   9  11  13  12   8  13  11
  10
  52   9   8   6   5   9   7  10   7   6   6   8  10   6   9  10   6  10   5  11
   8
  70  11   7   9   7   9   7  12   9  12   7  11  10   7   7   9  10   8  13  14
  12
  58  12   9  11  11  10  10  11  11   9   8   7  10   8  11   8   7   6  11   7
   6
  53   8   7   5   8   9   8   5  10  11  11   9   6   5   8   8   7   6  11   9
   7
  86  10  10  15  10  17  12   8  11  15  18  14   8  14  14  10  13  17  11   9
  15
  68  13   9  13  10  10  12  13   7  14  11   9  10   6  13   8  12  13  14   8
  11
  56   6  10   8   6   7   6   7   9   9   9   9   6   9   9   8  10   8   8  11
   8
  65   8  13   7  10  12   8  11   8  13  12  13   9  12  10  11  12   7  10   7
   9
  77  13  13   9  10   9   8  10  15  13  15  16  10  13   8   7  12  12  12  15
  15
  80  13  15  14  15  13  14  14   8  12   9  14  14  14  12  13   8  13  15   9
  11
  67  13  12   8   9  12   7  11   7   8  13  11  11  11  10  14   8  11   9  10
   9
  80   8  11  13  15   9  16  14   9  10   8  13  12  13  10  14  12  14  12  14
  11
  75   8  14   7   8   8  14   9  13  10  13  11   9  10  12  10  15  10  13  11
  13
  90  17  13  12  18  10   9  12  15  14  15  14  16  12  15  10  10  17  14  16
  10
  64   8  11  10   6  12  13  11   9  11   8   8   9  10   7   8  13  11  12  12
  10
  52   5  11   7   5   5   9   5   8   5   6   9   7  10   9  11   5  10   9   5
  10
  71   7   9   8  10  10   9   8   8   9  14  14  14  13  13   8  12   8  12  12
  13
  86  13  14  10  18   9  14   8  11  17  15  13  16  12   9  17  16  17  14  16
  16
  59   5   6   8   6   6  10   9  10   9  10   7  11  11  11  12   7  10  11  11
   9
  59  10   6   9  10   6   9  11   8   7   8   9   7  10   9  12   6   9   6  10
   9
  52   8   9   8   7   5   8   6   9   7   7   6  11   5   7   9   5   8   9   8
   7
  95  10  13  16  18  17  16  11  11  16  18  16  12  14  12  18  15  18  17  19
  13
  85  14  17  10  15  14  16  14  14  13  17  12  12  10  15  15  16  16  16  13
  16
  55  10   8   6   8   6   8   5   9   5   7   5   8  11  11   5   6   6   5  11
  11
  67  12  13   8  12   8  10  11  11   9   8  10  13  12   8  10  13  12  11   7
  14
  55   9   9   9   7  11   5   8   5   8   6  10  11   8   9   7   5   8  10   6
   5
  65  13  12  13  10  10  12  12  11   8   6   6   6   6  11  11   6  10   7  10
   7
  75  14   9  12   9  12  11  13  12  12  13  13  12   7   9  14  12  14  12  12
  10
  81   9   8  15  16  16   9   8  15  14  14   9  13  15  11  13  15  17  12  11
  13
  90  11   9  17  16   9  11  18  11   9  12   9  16  10  16  17  11  17  11  17
  15
  68  10  10   7   6  11  14  11   9  14  12  14  11  11  13  11   6  10  10  12
   7
  50  10   7   7   5   7   6  10  10   6   8   5   7   9  10   5  10   8   6   9
  10
  77   9  15  10   9  16  10  10  12  13   9  11   9  12  12  16  15  15   8   8
  16
  97  17  15  19  16  14  14  19  16  10  20  14  10  16  13  19  17  14  17  14
  19
  75  14  13   8  10   8   8  10   7  15   9  11   9  14   9   7   7  11  12  13
  12
  71  12  12   9   7  10  10   8  11   9  10  10  10   8   7  13  13   9   9  11
   7
    415    414    415    417    402    400    425    407    423    410
    408    417    411    398    403    412    427    439    438    423
