MK75_02.DA
  75  20
  66   9   8   8  10  10  12  10  12  11   6   6   9  13   9  12  10  13  10  13
   6
  73   8  14  11   9  12  10   7   7  11  14   8  13  12  14  10  10  11  12  11
  10
  86  13   9  15  14  17  13  13  14  14  10  10  14  11  18  12   9  17  16  11
   9
  70   7   8  13   9  12  11  13   8   8  11  12  12   8  12  13   7  10  11   8
  14
  91  17   9  10   9  16  12  17  12   9  17  16  16  16  17  19  18  17  14  12
  15
  64   9   9   7  10  11   6  13   9   6  12  12   8  11   7   8  10   9   6   8
  11
  75  14   9  12  15  10  10   8  11  12   8  12   8  14   7   7  11   9  14  10
  15
  88  15   9  16   9  11  16  11  17  15  12   9  10  12  11  18   9  14  11  13
  17
 100  18  10  12  17  17  12  10  16  10  18  18  19  16  13  13  11  13  12  17
  17
  98  13  14  11  14  13  19  14  11  19  10  15  16  18  18  20  15  14  20  20
  14
  56  10   9  10  11   7   9   8   7   9   9   8   9   9  10   9   8   8   7   7
  11
  93  10  17  11  13  19  15  16  13  16  17  13  11  13   9  10  10  13  16   9
  16
  70  10  11   7   7   7  14   8  14  12   9  13  12   9  12  12   7  14  11  14
  13
  70  11  11   8  14   7  14   9   9  14  12  11  14   8  14  11  12   8   9  13
  14
  91  14   9  11  13  15  18  15  10  19  15  11  18   9  10  11   9  11  10  10
  13
  86   9  15   9  14  16  14  15  16  13  10  10  15   9  14  17  14  14  15  10
  14
  52   7   9   8   9  10  11  11   6   6   9   6  11   9  10   7   8   8   8   6
   5
  74  13  10   8  14  15  13   7  10  15  15  13  12   8  10  15   9  11  14   9
  10
  85  16  15  10  10  12  13   8  14   9  12  17  14  13  13  10   8  16  11  11
  16
  52  10   5   6   5   8   9   9   8   5   8   7   7   5  10   7   6   9   9  10
  10
  71  13  12  13  13  14   9   7  13   8  13  10  14  12   8  12  11   9   7   9
   8
  52  10  10   9   6   7   5   7   7  11   5   9   7  10   5   6   9   5   7  10
   6
  70  14   8  13  11  13  13  14  14  12  12  10  11   8   7  14  11   9  12  10
  12
  90  17  10  16  12   9  17  12  11  16  11  16  14  17  15  16  16  13  13  10
  12
  65  13   8   7   9   9   7   9  12   9  12  13  13  11   7  13  11   6  12   9
  10
  97  13  18  18  14  12  13  20  15  11  15  10  11  16   9  11  15  13  13  11
  18
  96  12  17  13  12  10  16  10  12  18  13  19  17  14  14  13  13  13  14  12
  14
  84  13  17  10  13   9  15  16  14  17  12   9  10  15  10  17  16  15  15   8
   9
  72  11  10  10  15  13  10  10  14  12  14   7  14  14  11  13  12  12  14   9
  10
  50   7  10   7   6   9   6   9   9   7  10   9   7  10   6   7   8   6   6  10
   5
  70  13  10  13   9   7   7   9   8   7  10   8  10  12  10  10  13  13  10  11
   8
  72   8   7   8  15  13  14  10  11  11   8   8  12  12  11  12   7  14  14   8
  12
  86  15  15  16  14  18  13  16   9  11  12  11  10  17  10   9  10  17  10  16
  10
  92  15  10  11  14  15  17  17  18  15  11  13  11  17  14  11  18   9   9  14
   9
  66  12   8  13  14  11  12   8  12  12   8   9   8  12   8  10  13  10  11  13
   8
  88  17  13  17  18  13  15   9   9  10  13  10  10  12  11  10   9  15  10  12
   9
  88  16  14  18  11  12  12  12   9  13  16  12  12  12  15  12  10  11  18  16
  14
  62  12  12   9   9   9   8  11  10   6   9  10  10  12   7   7  10  11  11   8
   8
  83  14  11   8  15  16  16  16   8  12  11   9   9   8   9  15   9  10  16  13
  10
  52   6   8   8  10   6   5  10  10   6   7   5   7   6   9   7   9   9  11   8
   7
  98  16  19  13  20  15  12  16   9  18  20  14   9  18  16  17  10  20  16  13
  12
  61   7  11  10   8   8   9  10  13   9   9   8  13  12  11  13   8  12  13   6
  11
  56  10   9   5   6   7  11   9   6   9  10   6  11   7  11   7  10   9   9  12
   8
  99  11  16  17  10  18  20  14  14  20  14  13  17  13  17  12  13   9  13  18
  10
  58   6   8  12   9   8   9   6   9  12   9   5  10   7  10  10  11   9  11   5
   8
  74  14  15   8   9  12  11   8  14   9  14  14  14  14   8  10  12  11   9  10
   8
  55  11  11   9   6   8  10  10   5   7   8   8   8   6  10   9   5   7  10   6
  10
  82  10  12  16  14  11   9  12  13  12  16  10  12  14  14   9  12  10  13  11
  12
  91  13  16  11  13  18  14  12  16  12   9  18  12  15  13  11  11  15  16  18
  15
  83  12  14  10  13  15  10  16  15  14  10   8  10  13  17  14  12  10  11  12
  14
  95  13  13  16  10  14  17  15  19  11  16  13  11  17  16  11  11  12  15  13
  10
  59  12   6  11   6   8   6   6   8  12  10   7   7  11  12  10   6   6   8  10
   6
  55   8  11   9   9   6   6   9   8   6  11   5   7  11   8  11   5   7   8   7
  10
  56  11   8   9   6  11  10   6  10   7  10   8   8  11   7  11  10   5   9  11
   7
  95  16  18  17  11  16  12  17   9  17  13  16  11  16  17  16  15  14  11  10
  17
  64  10  12  11   6   9  12  10   9  10  10   8   7  11  12   8   7   9  11  11
   7
  68  12  14  14  12  13   7   8   8   6  10  14  13  10  14  10   9   6   9   8
  12
  87  12  13  16  10   8  16   9  14   9  14  12  16  13  10  18  13   9   9  15
  10
  63   8   7  10   7  12   9   7  10   9  12   8  13  13   8  11  11   6  11   6
  10
  76  15   7   9  13  13  14   9  12  13  12  15  12  14  16  14  14  15   9  14
   9
  54   8   7   9   6   9   6  10  11   8   7   7   9   5   6  10  10   8   8   8
   9
  73  13   9   7  13  13  12  11   8  14   7   7  10  14   9  15   7  12   9   7
  15
  98  15  10  11  10  11  20  16  10  15  18  17  15  12  12  11  17  17  14  13
  17
  76  14   8  13  15  11  15  12  15  11  11   9  15   8  14  13  10  11  12  14
   8
  94  19  10  14  17  12  11  11  14  14  12  17  11  11  15  10  11  17  10  18
  13
  74  10  14   9  14   9  12  12  15  14   9  11   9   9   9   9  11  15  10  11
   8
  89  14  10  14  15  11  14   9  13   8  11  15   9  18   9  18  12  11  13  13
  16
  61  11  11  11  11   7  10   7   9  13   8   9   9  13  10  10   8   6   6  13
   9
  52  11  10  10  10   8   5   9  10   6   6   8  10  10   7   8   6   9   9   5
   7
  68  13  13  12   9  13   9   9  11  11   7  11  12   8  14   8  10   8  12  10
  12
  84  17   9  11  11   9  16  13  11  16  15  11  13  12  13  11  16  16  15   9
  10
  52  11   7  10   9   6   8   8   6   9   7   7   7   5  10   9   6   5   8  10
   9
  67   9   9  11   9   7  11   7  10  10  12  11   9   8  11   7  11   7   9  13
   9
  61  11   8   6   6  12  10   8   6   7   9  11  11   7   8   6   9  11   8   9
  12
  63   7   6  10  12   6  13  11  12  11  12  10  12  13  13   7  10  12  12   6
  12
    447    409    415    415    422    438    408    415    423    422
    402    423    434    420    425    395    412    422    407    410
