MK75_07.DA
  75  20
  79  16  13  12  10  15  15  14   8   9  12  10   8  15   8  16   8  14  11  16
  10
  85  15   8  14  17  15  14  12  15  15  17  10  10  10  11  16   8  10  10  14
  17
  51   6   9   8   8   9   6   9   8  10  11   8   9   6   6   5   5   8   8   7
   8
  52   5  11   6   7   6   8   5   6   8   6   8   7   9   8   5  11   9   9   8
  11
  84  12  14  17  13  14  13   8   8  13   9  17  17  17  13  15  13  13  14  15
  15
  58  11   8  11   6  11  10   6  12   7  10   7   6  10   5   8   7   6  11   9
   8
  70  14  11   9  14   7   7   9  11  13   8  12  13  14  11   7   7  12  14  10
  13
  98  11  10  17  12  19  17  12  13  18  19  19  13  20  15  19  15  19  19  15
  11
  53   8   7   6   5   9   7   6   7  10   7   8   7   6   5  11   5   7   9   5
   6
  59  11  11  10   7  11  11   6  12  11   7   6   7   7   6  11   7  11   8   6
  11
  50   7   9   8   6   6  10   8   8  10   5  10  10   7  10  10   7  10   9   5
   9
  91  17  19  18  15  17  17  18  15  18  14   9  12  10  18  14  16  15   9  18
  14
  62  12  10  13   6   7  11   9  12   6   6  12  11   7   8   6  10   6  11   8
   9
  86  18  12  14  16  15  11  15  16  17  13  17  16  11  13   8  12  18  15  16
  11
  61   6   8   6   8   9   6   6   9   6   9  10   8  11   7   8  13   9   9   7
   8
 100  19  11  10  20  13  12  12  19  17  11  14  20  13  17  16  14  14  20  12
  13
 100  17  13  15  13  18  14  11  13  18  10  20  17  16  12  20  14  16  18  20
  15
  88  10  10  11  18  12  14  10  14  17  14   9  10  11   9  13  16  12  14  16
  10
  78  15   7  12  11  16  10  10   9  14  10  13   8   8  10  11   8   8   9  11
  14
  87  10  14  15  12  11   9  14  17  16  15  12  12  14   8  17   8  11  10  14
  16
  79  16   8  13   8  15  15  13   8  13  16   9  12  11   8  14  14  15  13   9
  12
  73  12   7  10   8   8  14   7  13  14  12   8   8  13   8  12  11  11   9  10
  13
  62   7  10  12   8   9  11  10  11  10  13   6   9   6   7  11  12   7  10   9
   9
  57   7   9   7  10   9  10  10   9  12   8  10   5   9   8   8   9   8   8   7
   6
  72  14  10  10   8   9   8  10   7   8  11  10   9  11  15  15   7  12   8  10
  10
  74  11   8  10  13  11  15   9  11  15  12  15  15   9  10   8  11  12  12   9
   9
  69  14  11  10  13  11   7   9   8  14  14  10  10  12  14   8  13  14  13   7
  14
  67  10  14  13  11   7  10   9  13   7  14   6  10  11  13  10  13   8   7   9
  13
  87  10  14  15  10  15  15  12  18  13  16  10  12  17  12  17  17  12  16  10
   9
  54  11  10  11   8   8   7  11  10  10   5   8  11   6   6   9  11  10   9   7
  11
  60   6   8   6   7  10  11  12   6   8  11   6  12   6  12   9   7   6  12   9
  10
  87  17  14  11  11   9  10  14  11  15  18  12  12  13  13  16  18  13  10  11
  12
  54  11   8  11   8   7   8  11   9   8   6   6   5   9  10  10   6  10   5  10
   9
  64  13  13   9  12  13  10  11   7   7  11   9   9   8  10   9   6   6   7   9
  11
  60  12   6   9   6  12  12  11   7   9  11   9  10   8  12   7   9  10  12  11
  11
  51   5   6  11   7  10   8   6   7   8   7  11   8   8  10   9   7   5   9   9
   8
  73   7  13   8  11   8  12   8   9  11   8   8  13  14   9   7   8  13  13  13
  12
  82  10  13  16  11   8  10  11   9  11   8  14  17   8  16  12   9  12  11   8
   9
  66   9  13  12   8   7  13  12  10  13  12   7  10  10  10  11  12  12  12  10
  12
  50  10   7   7   9   8   9   7   5   7   8   6   6  10   7  10   9   9  10   8
  10
  63   6   6  11  11  10  11   7  10   8  11   8  13  13   9   9  13   6   9   7
   9
  99  19  18  18  16  14  17  11  13  14  14  19  16  15  18  10  10  10  15  11
  10
  90  12  15  11  17  14  18  12  18  11  16  12  10  17  13  18  15   9  12  11
  18
  85  14  12   8  12  11   9  11  15  15   9  15  10  16  12  10  12  16  17  11
   8
  59   9   7  10   9  11   7  12  10  10  12  10  10   5   9   7   8   7  10   7
   8
  86  12  16  15  14  15  17  17   9   8  13  14  12  16  13  11  17  16  12  15
  14
  53   8   5   7   5   8   6   7   7   7   8   5   7   7   8   9   5   7   8   8
   6
  55   6   8   6  11   9   9  10   8   8  11  10   9   6  10   7  11   8   7   6
  10
  90  10  17  14  16  10  14  11  11  11  13   9  18  16  10   9  15  15  10  12
  12
  52  11   5  10   9   9  10  10   6  10   5   5   6  11   7   6   6   5   6   6
   6
  75  14  11  10  14  13  12  10   8  13  14  11  11  10  12   8  12  11  15   9
  13
  89  17  10   8  12  12  18  17  18  12  18  13  15  11  17  11  14  14  18  17
  10
  79   9  13  10  16  15  11  12  10  15  11  13  12   9  11  11  13  15  14  12
  15
  95  19  16  13  17  14  18  18  18  11  12  11  10   9  16   9  19  10  14  10
  15
  87  15  12  15  14  17  18   9  16  11  10  10  17  15  11  10  17   9  13   9
  14
 100  11  11  14  20  10  16  16  13  18  12  10  19  13  16  16  10  18  18  15
  19
  54   9   5   6   6   6   8   7   9   9  10  10   9   8  11   9   8  10   9   6
   8
  51   8   7  10   6   7   5   8   5   6   8   5  10  11   8   8   7   6   9   6
  10
  95  16  14  12  13  12  10  16  16  12  13  19  14  11  11  16  14  18  14  19
  10
  62   7   8   8   6  11  10  13  11   9   8   6  10   9  13   9   6  13  13   7
   7
  53   8   8   8   9   6   8  10   7   6  10   5   8   7   9   6   8  10  10   8
  10
  83  10  12  15  12  10  17  15  13  13  12   8  10  12  12  14  17  16  10  14
  12
  87  15  11  16  12   8  12  16  15   9   9  11  13  13  17  14   8  17  11  13
   9
  80  10  10  12  16  12  16  14  13  16   8  15   8  11  15  12  10   8  16  16
  10
  55   6   6  11   7  11   8   8   6   6  10  11   6  11  10   8   8  10   9   7
   9
  79  13  12   8  10  15  12  11  11  16   8  11   9   9  10   9  11  13  13  13
  10
  71  14   8  11   9  14   9   8  13  13  10  13  15   8   8   9  12   7   9   8
   9
  58   9   6  11  11  10   6   7   8   8   8   7   7  12   7   8   6   9   9   6
   5
  88  11  13  16  15  13  15  15  15  12  16  11  14  10  11  10  11  13  18   9
  14
  66  13  11  12  10   9   8  12   7   9   7   8   7   7   8   6   6  10   8  10
  12
  67  11  11  14  12  14  14  13   8  13  13  10  13  13   7   9   8  13  12   9
   9
  72   9  14  10   7  14  14  11  12  15  12   7  12   9   8  12  11   8  10  10
   8
  63   8   6   7  11  12   9  13   6  10  13  11  12  10   7   9  12  11  12  11
   8
  79  12  15  10  15   9  13  13  14   9   9   8  15  10  12   8  15   8  13  15
  13
  51  10  10   7  10   9   5   9   6   9   9   9   8   5   6   9  10  10  10   9
   6
    421    393    413    410    414    423    406    402    424    408
    385    409    398    396    397    399    409    428    389    402
