MK75_04.DA
  75  20
  92  19  17  17  11  11  19  13  16  13  11  14  14   9  10  15  12   9  18  18
  10
  98  13  15  15  20  18  10  16  13  10  11  20  13  14  18  17  14  13  19  13
  12
  62   8  10   6   6   6   7  13  11  10   6  10  10   9   8   7  11   7  11   7
   9
  83  14  16  17   9  16  16  13  15  15  16  12  13  17  12  11  15  15  10  17
  17
  98  19  17  19  12  14  16  15  18  19  15  12   9  12  13  17  18  17  16  17
  10
  62  11  13  13  10   8   9  10   7   8   8   7  13   8   6  13  12   9  13  13
  10
  83   8  11  14  15  10  10  12   9  16  17  10  17  11   8  10  11  16   8  16
  16
  72   9  12   8  14   8   9  12   7  10  12  15   7   8  11  13   9   8  14   9
  10
  61   9   8   9   6   7   6  10  12  10  11   6  12  11  12  10  12  10  11   6
  12
  72  14  13  13  13  13  12  12  11   9  11  10   9   8  13  10  12  15   9  10
  13
  84   8  13  14  14  10  17  13  13  11  17  16  16  12  17  15  14  16  17  15
  14
  93  13  15  18  18  14  14  15  18  11  12  14  16  14  13  10  12  16  17  15
  15
  66   9   9  13   7  13   7   9   7  12   9   9  11  11  10  10   8  12   9   8
   7
  87  10  11  15   9  15  13  15  13  10   8  13  17  16  12  14  10   9  13  10
  13
  79  10  14  14  11   9  13  14   8   8  11  13  15  12  16  12  15   8  15  11
   7
  61   7  11   9  12   6   8  12   7   7   9   6   8   8  10  13  12   8  10   7
   6
  92  16  12  11  10   9  12   9  18  13  11  12  11  11  13  10  13  14  13  16
  15
  69   9   7  12  12  12  14   9  13  14  11  10  10   8  13  11  14  10  12  12
  14
  52   7   8   9   5   9   5   6  10  10  10   5   6  10   8   7   9   6   9  11
   5
  66  12  10   8  13   9   6  11  12  13   6   9   9  11   9  11  13   7  10  14
  11
  94  13  17  12  10  19  14  16  10  17  14  16  10  12  13  12  18  10  18  14
  19
  60   9   8   7   8   8   8   6   9   9   7  11  10   9   6   6  10   7   9  12
  10
  97   9  18  14  18  18  20  13  13  10   9  19  13  17  15  16  19  12  19  10
  20
  77  12  13  15  10  11   7  15  12   7  10  10  10  10  12  14  13   8   9  14
   9
  58   6   6   7   9  12  10   7  10  10   8   6   7   7   6   6  12  11   8  11
   7
  77  11  10   7  16  12  12  13  10  13  16  14  15  11  16  12  15  13  11   9
   7
  75   8  11  14  13   8   9  10   9   9  15  13  14  15   8  13  15  12   7  12
   8
  56   6  10  11   9   6   8  10   7   6   7   5  10  11   6   6   5  10   8  11
   7
  68  14   8  12   8  11  12   8   7  11   7  10  12  12  13  13   9   7  13  10
   7
  62   6   9   6  10   8   7   7  10   7  11   8   6  11  13  10   7   7   9  11
  13
  56   7  12  11  10  10  10   8   7  10  10   8  11   5   6  11   6  11   8   9
   7
  68  11   8   9  10  12   9  10   9  14  10   6   9   8  11  10   8  13   8   9
   7
  53   6   8   8   8   7  11   5   6  10   7   9   7   5   8   8   8   9   6   7
   9
  71  14   7  14  10  14  10  11  10  12  11   7  12   7   9   9  11   9  12   7
  11
  64  12  10  11  12   9  10   6   8   7   8  11   8  12   7   9   9   8  10  12
   6
  83  17  11  11   9   8  14  13  15  11  12  16  12  17  15  15  14   8  13  10
  16
  52   5   6   9   7   6   9   7   7   6   8  10  11   8   8   9   7   6   5   8
   6
  91  13  14  15  11  10  11  15  15  16  17   9  14  12  14  11  14   9  11   9
  14
  56   6   6   7  10   9  11  11   7   5  10   8   5   9   6  10   6   6  10   9
  10
  51   6   8   9   6   6   9   9  10   6   5  11   6   7   8   7   8   5   6   7
   8
  94  13  13  10  12  10   9  18  16  15  11  17  17  12  13  17  17  13  19  14
  10
  56  10   7   6   7   6  11  11  10   8   6   6   8  11  11  11   7   7  10   8
   7
 100  11  12  11  19  11  11  17  17  12  11  14  14  18  12  16  19  20  13  13
  12
  73  10  13  13   9  15  14  12   8  11  11  14   9  15  12   9  13  14   8  10
   9
  79  12  10  15  12  12  15  13  14  15  14  13   9  14   8  14  13   9   9  12
  14
  89  13  13  16  18  17  16  13  10  18  12  12  13  12   9  15  16  11  16  12
  16
  75  12  15  13  14   9  13  12  12  12   9  11  11  11   9  13  13  15   9   9
   8
  71   7  14  10  15   7  15   8   9  14  14  12   8  11  11  13  12  13  10  10
  10
  70  12  13   8   9   8  14   7   9  12   8  11  14  12  12  14  14  12  14  11
   8
  50   7   9   5   6   9   5   7   6  10   7   6   5   9  10   6  10   5   6   7
   5
  66  12   9  10  10  12   7  13   9   9  10  12  11  11  13   9  12   7   8   7
  12
  92  12  16  11  10  19  15  12   9  18  17  16  13  17  10  10  17  15  19  12
  12
  75   9  15   8   9   8  14   8  14  14  10   8   8  14  14  11   9  10  12   9
  12
  72  12  14  11  14  13   8   9   7   8  13  15   9   8   7  13   8   9  15  12
  13
  61   9   6  12  12   9  13   8   7   8  12  12   9   6  10   7   9   7   6   6
   6
  78  12  14  14  14  10  15  14  16  15  10  11  13  15  14  16  10   8  13  13
  13
  52   6   6   7   6   7   5  10   7  10  11   5   9   8   7   7   6  10  10   7
  11
  83  14  14   8  16   9  12   8  15  16  13  10  15   8  13  16   8  11  12  16
  16
  56  11  11   8   5   8  10   9   6  12  11   9   9   7   9   6   8   6   8   6
   8
  80  10  11  14   8  12  10   8  14   9   8  11  11  11  14  13  11   9  10   9
  13
  84  14  11  14  13  16   9  14  12  15  11   8  16  17  12  17  11   9   8  11
  17
  98  15  15  13  16  15  11  16  11  13  18  19  13  15  11  14  16  11  14  10
  17
  63  13  13   6  13   6  13   9   7  10  11   8   9  10  11  12  11  10  10  10
   8
  57   9  10  10   9   6   6   9   8   7  11  11  11   8   9   7   9   6  10   7
  11
  68   8  14  11  13  12  13  11  11   9   7  13  12  13  12  11  13  14  10  10
  11
  56   7  10  10   7  11  12  11   7  10  10   9  11  11   5   5   9   5   5   9
   6
  61   6   7  10  11  12   9   8  10   6   7  11   7   6   9  10  12   8  11  11
  11
  50   7   6   9   5   8   8   9   6   6   5  10   9   8   5   7   7  10   5  10
   9
  77  11   8  15  14  13  10   8  13  15  11  13  14  11   9   9   9  16  16  13
  15
  67   7  14  11  11   8  10  13   6   9   9   8  10   6  12  13  10  12   7  13
  10
  67  13  12  11  12  13  12   7  10  11  10  14   8   6   7  14   6  10  13   9
  10
  50   7   7  10   8   9   6   5  10   9   5   8   5  10   5   5   8   9   9   7
   6
  76   8  13   9  15  14   9  13  13  13   9   9  14   8   8  14  13  13   7   7
  12
  89   9  18  10  16  12  13  13  18  16  18   9  14  13   9   9  13   9  17   8
  12
  79  10   9   8  10  14  15  12   9  15  16  10  16  11   8  12   8  13  13   9
  11
    387    422    415    414    400    411    407    397    417    400
    407    411    404    391    419    423    386    418    396    404
